DAY,FEMALE,MALE,ZOMBIE
0,25316,24820,2
1,25317,24818,3
2,25320,24816,4
3,25319,24813,6
4,25317,24815,6
5,25316,24818,6
6,25312,24817,9
7,25309,24817,10
8,25308,24818,11
9,25309,24819,11
10,25313,24816,11
11,25313,24817,11
12,25311,24817,12
13,25310,24817,12
14,25313,24819,12
15,25312,24818,13
16,25310,24816,14
17,25311,24818,14
18,25308,24817,18
19,25308,24814,20
20,25307,24817,21
21,25308,24818,21
22,25306,24822,21
23,25305,24823,21
24,25303,24821,24
25,25303,24819,26
26,25301,24816,27
27,25300,24819,28
28,25300,24819,30
29,25298,24818,31
30,25296,24817,31
31,25295,24811,33
32,25296,24812,34
33,25294,24812,36
34,25292,24814,36
35,25292,24814,36
36,25292,24813,38
37,25289,24815,41
38,25287,24816,42
39,25286,24814,46
40,25290,24815,47
41,25289,24811,50
42,25288,24811,52
43,25287,24810,52
44,25285,24812,54
45,25287,24812,54
46,25287,24811,56
47,25286,24811,56
48,25284,24810,56
49,25285,24812,56
50,25286,24812,56
51,25287,24811,56
52,25283,24811,57
53,25283,24807,59
54,25285,24808,60
55,25286,24814,61
56,25286,24813,62
57,25285,24810,64
58,25286,24809,66
59,25284,24810,68
60,25284,24810,68
61,25284,24811,69
62,25283,24811,70
63,25284,24812,74
64,25285,24808,78
65,25285,24810,79
66,25284,24812,81
67,25287,24813,81
68,25287,24812,81
69,25283,24814,83
70,25281,24814,83
71,25282,24810,84
72,25283,24810,85
73,25281,24808,87
74,25283,24808,89
75,25283,24806,89
76,25283,24804,90
77,25283,24804,91
78,25284,24808,91
79,25284,24804,92
80,25281,24805,93
81,25276,24803,95
82,25277,24803,95
83,25272,24803,99
84,25271,24803,100
85,25266,24805,100
86,25267,24803,100
87,25266,24805,103
88,25266,24807,104
89,25264,24808,105
90,25261,24808,106
91,25260,24807,107
92,25259,24805,107
93,25261,24805,107
94,25261,24804,108
95,25263,24804,110
96,25267,24800,112
97,25270,24799,113
98,25269,24798,113
99,25268,24798,117
100,25266,24796,121
101,25265,24797,122
102,25266,24799,122
103,25266,24802,122
104,25269,24803,122
105,25271,24799,125
106,25270,24798,127
107,25268,24800,127
108,25266,24800,129
109,25267,24801,131
110,25269,24802,132
111,25266,24801,134
112,25263,24800,136
113,25263,24802,137
114,25262,24803,138
115,25261,24801,140
116,25264,24801,141
117,25264,24802,142
118,25266,24799,142
119,25268,24801,143
120,25268,24800,144
121,25268,24799,145
122,25267,24798,147
123,25266,24793,152
124,25267,24791,155
125,25263,24792,156
126,25260,24790,158
127,25260,24787,160
128,25259,24786,161
129,25261,24784,161
130,25259,24783,162
131,25260,24782,164
132,25261,24782,165
133,25262,24781,166
134,25261,24781,168
135,25263,24782,169
136,25260,24781,170
137,25259,24784,171
138,25261,24784,172
139,25260,24786,174
140,25261,24785,175
141,25257,24780,179
142,25259,24782,179
143,25258,24778,181
144,25261,24776,181
145,25257,24779,182
146,25253,24779,183
147,25253,24778,183
148,25253,24780,183
149,25252,24780,183
150,25253,24777,184
151,25252,24777,187
152,25252,24777,187
153,25253,24778,188
154,25250,24776,191
155,25249,24779,193
156,25247,24778,196
157,25243,24775,198
158,25241,24775,200
159,25240,24774,201
160,25240,24772,203
161,25240,24771,206
162,25239,24769,207
163,25241,24764,209
164,25240,24768,211
165,25240,24763,213
166,25238,24763,214
167,25239,24764,215
168,25237,24763,215
169,25237,24760,216
170,25236,24758,216
171,25235,24755,218
172,25233,24755,220
173,25233,24750,224
174,25230,24749,224
175,25230,24753,227
176,25231,24754,228
177,25231,24755,228
178,25230,24751,229
179,25231,24750,229
180,25231,24750,229
181,25232,24751,230
182,25231,24751,231
183,25228,24753,233
184,25228,24752,235
185,25226,24749,239
186,25226,24749,242
187,25225,24746,244
188,25223,24746,245
189,25222,24747,248
190,25224,24745,249
191,25223,24744,252
192,25220,24742,253
193,25220,24744,254
194,25217,24740,256
195,25216,24737,258
196,25215,24736,258
197,25216,24736,258
198,25218,24737,259
199,25220,24737,260
200,25221,24735,263
201,25219,24734,265
202,25219,24733,265
203,25218,24731,269
204,25220,24731,270
205,25218,24731,271
206,25217,24728,272
207,25217,24727,274
208,25216,24724,275
209,25214,24726,277
210,25211,24728,280
211,25212,24726,281
212,25210,24727,283
213,25215,24724,285
214,25213,24723,288
215,25210,24722,290
216,25214,24721,291
217,25215,24717,295
218,25218,24717,297
219,25216,24714,299
220,25214,24711,300
221,25212,24710,303
222,25208,24711,305
223,25208,24712,307
224,25208,24712,309
225,25209,24714,310
226,25207,24712,314
227,25203,24711,315
228,25202,24711,316
229,25200,24712,317
230,25199,24709,321
231,25198,24710,322
232,25198,24711,322
233,25197,24710,326
234,25199,24710,327
235,25199,24710,328
236,25196,24712,330
237,25194,24711,334
238,25192,24712,336
239,25191,24711,339
240,25189,24707,344
241,25186,24707,347
242,25183,24707,351
243,25178,24704,357
244,25178,24699,365
245,25180,24695,371
246,25180,24692,374
247,25178,24693,375
248,25174,24689,379
249,25173,24684,383
250,25171,24681,386
251,25166,24677,389
252,25164,24674,392
253,25164,24673,393
254,25161,24670,395
255,25159,24666,398
256,25160,24661,403
257,25156,24659,407
258,25158,24657,409
259,25155,24656,414
260,25150,24652,419
261,25147,24653,421
262,25143,24655,424
263,25144,24653,424
264,25137,24652,427
265,25136,24652,427
266,25134,24647,433
267,25136,24646,434
268,25135,24644,435
269,25132,24644,438
270,25132,24644,438
271,25132,24644,438
272,25131,24641,441
273,25131,24642,443
274,25128,24637,446
275,25126,24636,450
276,25121,24637,452
277,25126,24638,452
278,25127,24634,454
279,25126,24631,459
280,25124,24631,460
281,25126,24630,463
282,25125,24628,465
283,25127,24628,467
284,25124,24627,469
285,25120,24630,473
286,25115,24629,478
287,25112,24631,480
288,25111,24631,482
289,25110,24630,485
290,25109,24632,487
291,25107,24628,492
292,25106,24626,494
293,25104,24630,497
294,25100,24626,500
295,25101,24625,501
296,25098,24626,501
297,25096,24625,503
298,25098,24626,505
299,25096,24626,507
300,25098,24626,510
301,25099,24623,511
302,25096,24619,519
303,25095,24616,521
304,25092,24615,522
305,25092,24615,523
306,25090,24614,524
307,25092,24613,527
308,25091,24610,528
309,25086,24611,531
310,25081,24610,533
311,25078,24608,535
312,25074,24608,537
313,25071,24608,540
314,25069,24608,543
315,25068,24604,544
316,25067,24601,547
317,25067,24596,554
318,25068,24598,556
319,25067,24595,560
320,25068,24593,560
321,25067,24589,565
322,25063,24584,572
323,25061,24580,576
324,25059,24579,577
325,25058,24577,578
326,25058,24573,581
327,25057,24570,587
328,25056,24570,592
329,25054,24566,595
330,25053,24564,597
331,25053,24559,601
332,25051,24557,606
333,25051,24555,610
334,25051,24555,612
335,25046,24553,616
336,25046,24552,616
337,25047,24545,620
338,25046,24544,625
339,25044,24541,630
340,25042,24541,635
341,25043,24536,638
342,25040,24534,642
343,25037,24534,650
344,25035,24534,653
345,25035,24533,654
346,25037,24528,658
347,25042,24526,659
348,25045,24525,661
349,25043,24522,665
350,25041,24522,670
351,25040,24516,672
352,25041,24513,674
353,25034,24511,680
354,25035,24512,682
355,25032,24507,686
356,25030,24508,689
357,25032,24503,695
358,25032,24505,698
359,25036,24503,701
360,25032,24498,707
361,25028,24495,711
362,25029,24494,716
363,25027,24488,719
364,25028,24483,722
365,25028,24482,723
366,25026,24478,725
367,25027,24476,725
368,25026,24477,725
369,25027,24479,726
370,25027,24477,727
371,25025,24479,730
372,25023,24480,731
373,25023,24481,731
374,25023,24482,732
375,25022,24479,733
376,25020,24482,734
377,25021,24483,734
378,25017,24483,734
379,25016,24484,736
380,25017,24484,736
381,25017,24483,737
382,25014,24481,738
383,25013,24480,740
384,25013,24480,740
385,25011,24480,742
386,25009,24479,743
387,25007,24477,745
388,25008,24478,746
389,25007,24475,752
390,25006,24474,755
391,25005,24473,756
392,25007,24470,757
393,25005,24468,761
394,25009,24469,761
395,25009,24467,762
396,25009,24465,763
397,25009,24464,766
398,25008,24464,767
399,25009,24464,767
400,25010,24462,770
401,25006,24461,773
402,25007,24460,773
403,25004,24461,777
404,25001,24459,780
405,25000,24457,780
406,24997,24456,783
407,24993,24457,786
408,24995,24455,789
409,24996,24456,791
410,24995,24455,794
411,24993,24454,798
412,24995,24455,798
413,24997,24454,798
414,24997,24452,798
415,24997,24449,802
416,24999,24445,805
417,24997,24447,810
418,24998,24445,811
419,24998,24444,812
420,24997,24445,813
421,24994,24442,814
422,24990,24440,818
423,24987,24439,819
424,24987,24439,819
425,24989,24437,822
426,24988,24438,823
427,24991,24435,825
428,24985,24435,829
429,24985,24432,830
430,24987,24430,830
431,24985,24429,831
432,24983,24427,831
433,24980,24424,834
434,24976,24425,840
435,24975,24427,841
436,24974,24424,845
437,24975,24424,847
438,24978,24426,847
439,24976,24427,848
440,24977,24424,849
441,24976,24420,853
442,24976,24416,855
443,24975,24412,858
444,24979,24408,860
445,24979,24409,862
446,24977,24408,866
447,24975,24413,867
448,24974,24413,870
449,24975,24412,871
450,24975,24410,873
451,24976,24407,876
452,24978,24405,878
453,24978,24405,880
454,24976,24405,881
455,24974,24400,885
456,24972,24400,886
457,24970,24397,889
458,24970,24391,891
459,24966,24391,895
460,24965,24392,895
461,24961,24394,897
462,24960,24390,900
463,24956,24388,903
464,24952,24386,904
465,24947,24386,908
466,24948,24385,909
467,24943,24382,914
468,24944,24382,914
469,24945,24379,916
470,24944,24381,916
471,24943,24378,918
472,24941,24375,922
473,24939,24375,924
474,24939,24375,925
475,24942,24371,930
476,24939,24368,931
477,24938,24371,933
478,24936,24371,935
479,24934,24369,939
480,24935,24369,940
481,24936,24369,941
482,24935,24365,942
483,24932,24362,946
484,24929,24362,948
485,24929,24359,949
486,24928,24357,951
487,24924,24354,955
488,24924,24353,956
489,24921,24351,960
490,24918,24348,963
491,24916,24345,966
492,24912,24341,969
493,24912,24343,970
494,24907,24342,971
495,24909,24340,975
496,24904,24335,980
497,24901,24337,982
498,24903,24333,985
499,24903,24334,985
500,24905,24334,985
501,24905,24332,987
502,24902,24333,989
503,24903,24333,989
504,24906,24331,990
505,24906,24330,992
506,24905,24330,993
507,24905,24332,995
508,24896,24327,999
509,24894,24325,1001
510,24893,24323,1005
511,24892,24318,1007
512,24892,24316,1011
513,24893,24315,1012
514,24893,24314,1013
515,24895,24311,1015
516,24895,24313,1017
517,24893,24313,1020
518,24892,24314,1022
519,24894,24311,1024
520,24889,24310,1028
521,24887,24307,1031
522,24887,24309,1031
523,24891,24308,1034
524,24891,24307,1036
525,24888,24301,1037
526,24890,24296,1040
527,24892,24295,1042
528,24892,24294,1044
529,24890,24291,1049
530,24888,24291,1052
531,24881,24288,1056
532,24881,24284,1059
533,24880,24283,1062
534,24881,24282,1064
535,24884,24277,1068
536,24884,24274,1070
537,24884,24273,1071
538,24881,24273,1074
539,24874,24273,1077
540,24873,24273,1078
541,24874,24271,1080
542,24874,24272,1080
543,24873,24270,1082
544,24873,24268,1082
545,24870,24267,1084
546,24865,24268,1089
547,24863,24266,1090
548,24860,24264,1095
549,24860,24260,1098
550,24858,24258,1099
551,24857,24257,1100
552,24857,24259,1101
553,24857,24259,1104
554,24850,24259,1107
555,24849,24259,1109
556,24850,24258,1112
557,24848,24255,1117
558,24847,24253,1118
559,24844,24254,1119
560,24842,24251,1123
561,24841,24250,1125
562,24841,24249,1127
563,24835,24247,1130
564,24834,24244,1131
565,24832,24245,1132
566,24830,24243,1134
567,24830,24239,1136
568,24829,24239,1136
569,24829,24241,1137
570,24825,24240,1139
571,24823,24235,1143
572,24824,24228,1149
573,24821,24224,1154
574,24822,24222,1156
575,24823,24217,1159
576,24822,24218,1161
577,24822,24215,1165
578,24822,24217,1166
579,24820,24216,1167
580,24820,24213,1168
581,24821,24213,1170
582,24819,24210,1173
583,24816,24209,1175
584,24815,24210,1176
585,24814,24212,1177
586,24813,24208,1180
587,24809,24209,1182
588,24808,24210,1185
589,24809,24207,1186
590,24807,24203,1188
591,24810,24201,1190
592,24810,24201,1192
593,24805,24198,1196
594,24805,24197,1196
595,24803,24196,1197
596,24802,24197,1198
597,24796,24200,1198
598,24794,24201,1200
599,24793,24204,1203
600,24795,24203,1204
601,24795,24200,1205
602,24792,24201,1209
603,24794,24201,1211
604,24791,24199,1213
605,24788,24199,1217
606,24786,24196,1220
607,24786,24198,1223
608,24789,24197,1225
609,24784,24200,1227
610,24781,24197,1230
611,24781,24194,1232
612,24785,24190,1234
613,24782,24190,1238
614,24779,24193,1240
615,24776,24192,1241
616,24773,24189,1245
617,24775,24190,1246
618,24774,24185,1251
619,24775,24180,1257
620,24772,24179,1260
621,24772,24176,1264
622,24770,24174,1266
623,24771,24172,1268
624,24767,24171,1270
625,24767,24168,1273
626,24769,24173,1276
627,24769,24172,1278
628,24770,24173,1281
629,24769,24171,1282
630,24771,24169,1286
631,24772,24167,1288
632,24771,24166,1293
633,24770,24165,1295
634,24770,24161,1300
635,24766,24158,1304
636,24760,24156,1310
637,24759,24152,1314
638,24756,24156,1316
639,24753,24157,1317
640,24752,24153,1319
641,24748,24151,1324
642,24749,24151,1326
643,24750,24150,1326
644,24750,24149,1328
645,24747,24151,1329
646,24745,24151,1330
647,24743,24155,1332
648,24742,24155,1333
649,24741,24154,1336
650,24741,24151,1340
651,24741,24147,1343
652,24738,24141,1350
653,24738,24143,1353
654,24736,24142,1356
655,24735,24139,1358
656,24735,24135,1362
657,24737,24128,1366
658,24736,24127,1370
659,24736,24127,1371
660,24735,24125,1374
661,24738,24124,1375
662,24734,24124,1381
663,24728,24123,1385
664,24727,24121,1387
665,24726,24122,1387
666,24722,24123,1392
667,24722,24123,1395
668,24718,24119,1399
669,24715,24119,1400
670,24712,24121,1404
671,24712,24114,1408
672,24712,24115,1411
673,24711,24116,1414
674,24709,24115,1417
675,24710,24112,1420
676,24709,24111,1421
677,24709,24113,1422
678,24709,24108,1425
679,24708,24108,1427
680,24708,24104,1430
681,24712,24102,1432
682,24710,24100,1435
683,24707,24097,1438
684,24707,24097,1439
685,24704,24095,1446
686,24704,24097,1449
687,24702,24091,1453
688,24698,24090,1453
689,24696,24089,1456
690,24697,24086,1460
691,24698,24084,1460
692,24697,24081,1463
693,24699,24081,1464
694,24693,24082,1466
695,24692,24082,1468
696,24689,24082,1471
697,24688,24079,1473
698,24686,24080,1476
699,24685,24076,1479
700,24685,24072,1480
701,24684,24071,1481
702,24681,24071,1484
703,24679,24070,1487
704,24678,24068,1493
705,24675,24067,1498
706,24673,24067,1500
707,24673,24066,1502
708,24674,24065,1503
709,24669,24064,1506
710,24669,24058,1509
711,24663,24056,1514
712,24667,24055,1514
713,24665,24052,1514
714,24662,24051,1519
715,24655,24049,1524
716,24648,24049,1528
717,24649,24049,1532
718,24649,24050,1535
719,24646,24049,1540
720,24642,24048,1542
721,24638,24047,1545
722,24639,24046,1548
723,24638,24048,1550
724,24636,24045,1555
725,24635,24043,1561
726,24631,24046,1563
727,24636,24047,1564
728,24636,24047,1568
729,24631,24046,1575
730,24631,24046,1575
731,24629,24040,1580
732,24629,24040,1580
733,24630,24039,1580
734,24631,24038,1580
735,24630,24038,1580
736,24625,24040,1581
737,24626,24042,1581
738,24627,24039,1581
739,24628,24041,1581
740,24629,24041,1581
741,24626,24043,1581
742,24626,24043,1581
743,24626,24045,1581
744,24627,24045,1581
745,24623,24044,1581
746,24625,24043,1581
747,24619,24044,1582
748,24619,24041,1582
749,24616,24042,1583
750,24620,24043,1583
751,24621,24044,1583
752,24619,24039,1583
753,24618,24037,1583
754,24618,24036,1584
755,24617,24036,1584
756,24615,24033,1584
757,24612,24033,1585
758,24612,24039,1585
759,24613,24034,1586
760,24612,24034,1585
761,24614,24036,1585
762,24612,24035,1587
763,24609,24034,1587
764,24612,24033,1588
765,24611,24032,1588
766,24612,24033,1588
767,24609,24033,1588
768,24610,24034,1589
769,24610,24030,1589
770,24608,24030,1589
771,24608,24030,1590
772,24609,24026,1590
773,24609,24024,1590
774,24610,24025,1591
775,24609,24025,1592
776,24608,24023,1593
777,24605,24024,1593
778,24605,24023,1593
779,24606,24024,1593
780,24603,24024,1594
781,24601,24022,1594
782,24601,24024,1594
783,24602,24022,1595
784,24601,24016,1597
785,24599,24018,1597
786,24598,24020,1597
787,24598,24019,1599
788,24597,24018,1599
789,24600,24020,1599
790,24599,24023,1599
791,24598,24024,1599
792,24598,24023,1599
793,24596,24022,1599
794,24595,24020,1600
795,24593,24018,1600
796,24595,24022,1599
797,24596,24023,1600
798,24596,24022,1601
799,24595,24020,1601
800,24597,24018,1601
801,24597,24018,1601
802,24596,24017,1601
803,24595,24017,1601
804,24594,24019,1601
805,24596,24017,1602
806,24597,24017,1602
807,24595,24017,1604
808,24595,24016,1603
809,24596,24018,1603
810,24595,24018,1603
811,24599,24017,1604
812,24601,24017,1604
813,24599,24017,1605
814,24599,24013,1606
815,24596,24013,1607
816,24593,24013,1607
817,24597,24013,1608
818,24595,24011,1608
819,24591,24010,1608
820,24589,24011,1608
821,24590,24011,1608
822,24591,24010,1608
823,24589,24014,1608
824,24589,24015,1608
825,24589,24015,1608
826,24589,24011,1609
827,24588,24014,1610
828,24589,24013,1612
829,24589,24014,1613
830,24589,24015,1614
831,24588,24013,1614
832,24587,24009,1614
833,24587,24010,1614
834,24587,24011,1614
835,24590,24010,1614
836,24588,24010,1615
837,24589,24013,1615
838,24589,24012,1616
839,24587,24012,1616
840,24586,24010,1618
841,24586,24011,1618
842,24590,24010,1618
843,24587,24012,1619
844,24585,24013,1620
845,24581,24013,1620
846,24581,24017,1620
847,24583,24016,1620
848,24582,24016,1621
849,24582,24016,1621
850,24581,24015,1622
851,24581,24013,1622
852,24580,24013,1623
853,24579,24014,1623
854,24576,24012,1622
855,24577,24011,1622
856,24578,24011,1622
857,24575,24009,1622
858,24574,24008,1622
859,24575,24008,1622
860,24574,24004,1622
861,24576,24002,1622
862,24577,24002,1622
863,24577,24001,1622
864,24576,24001,1623
865,24574,24001,1623
866,24573,24001,1623
867,24574,23998,1623
868,24573,23997,1623
869,24571,23995,1624
870,24573,23995,1624
871,24573,23995,1625
872,24571,23993,1625
873,24569,23995,1626
874,24565,23993,1628
875,24566,23994,1628
876,24568,23990,1629
877,24569,23991,1629
878,24569,23992,1630
879,24570,23992,1631
880,24573,23993,1631
881,24573,23994,1631
882,24572,23994,1633
883,24569,23993,1633
884,24568,23995,1633
885,24565,23994,1633
886,24565,23993,1634
887,24563,23992,1632
888,24563,23993,1632
889,24564,23992,1633
890,24565,23993,1634
891,24566,23990,1635
892,24568,23988,1636
893,24569,23988,1636
894,24569,23988,1637
895,24570,23988,1637
896,24574,23988,1636
897,24572,23989,1636
898,24572,23987,1638
899,24571,23987,1638
900,24571,23986,1639
901,24570,23986,1641
902,24572,23986,1641
903,24570,23988,1641
904,24566,23989,1640
905,24564,23988,1641
906,24564,23989,1642
907,24563,23987,1643
908,24563,23986,1643
909,24564,23987,1643
910,24565,23986,1644
911,24567,23986,1644
912,24568,23984,1644
913,24569,23982,1645
914,24567,23982,1645
915,24565,23982,1645
916,24565,23984,1645
917,24564,23982,1645
918,24564,23983,1645
919,24564,23983,1646
920,24563,23984,1647
921,24563,23982,1647
922,24562,23983,1648
923,24560,23982,1648
924,24561,23985,1648
925,24559,23983,1649
926,24554,23982,1650
927,24549,23980,1653
928,24551,23980,1653
929,24548,23981,1655
930,24546,23978,1655
931,24545,23978,1655
932,24546,23977,1655
933,24550,23974,1656
934,24552,23972,1656
935,24553,23972,1656
936,24555,23976,1657
937,24557,23973,1658
938,24556,23971,1658
939,24551,23969,1658
940,24551,23969,1658
941,24549,23968,1658
942,24550,23967,1659
943,24549,23966,1659
944,24550,23966,1660
945,24550,23964,1660
946,24549,23962,1661
947,24550,23962,1662
948,24548,23960,1662
949,24548,23959,1662
950,24547,23961,1663
951,24547,23961,1664
952,24546,23958,1664
953,24545,23959,1664
954,24543,23958,1665
955,24542,23955,1665
956,24541,23957,1665
957,24539,23958,1666
958,24535,23960,1667
959,24536,23958,1668
960,24534,23953,1670
961,24534,23954,1670
962,24530,23955,1671
963,24528,23955,1672
964,24525,23958,1673
965,24525,23957,1673
966,24526,23958,1675
967,24524,23956,1675
968,24524,23956,1675
969,24525,23959,1674
970,24523,23957,1675
971,24526,23958,1675
972,24523,23961,1677
973,24521,23962,1677
974,24519,23960,1677
975,24519,23963,1677
976,24520,23963,1677
977,24523,23961,1677
978,24523,23959,1677
979,24520,23959,1678
980,24522,23959,1678
981,24521,23954,1679
982,24522,23955,1679
983,24525,23956,1679
984,24528,23958,1680
985,24527,23956,1680
986,24526,23955,1680
987,24528,23953,1680
988,24528,23953,1681
989,24525,23958,1681
990,24522,23958,1683
991,24521,23959,1683
992,24522,23957,1684
993,24520,23958,1685
994,24519,23955,1686
995,24518,23958,1686
996,24517,23959,1686
997,24518,23960,1686
998,24517,23961,1686
999,24516,23960,1687
1000,24515,23958,1688
1001,24514,23957,1690
1002,24510,23955,1692
1003,24509,23955,1694
1004,24513,23954,1695
1005,24509,23955,1695
1006,24508,23958,1695
1007,24508,23958,1696
1008,24508,23960,1697
1009,24507,23964,1698
1010,24507,23964,1698
1011,24508,23965,1698
1012,24508,23965,1698
1013,24508,23963,1699
1014,24509,23963,1699
1015,24509,23966,1699
1016,24509,23966,1700
1017,24510,23965,1700
1018,24512,23964,1700
1019,24511,23964,1701
1020,24509,23965,1702
1021,24509,23967,1702
1022,24510,23969,1702
1023,24512,23971,1702
1024,24509,23968,1703
1025,24509,23969,1703
1026,24509,23969,1704
1027,24509,23970,1704
1028,24509,23970,1705
1029,24508,23968,1707
1030,24506,23969,1709
1031,24505,23971,1709
1032,24504,23972,1710
1033,24503,23977,1710
1034,24505,23977,1711
1035,24507,23977,1711
1036,24508,23978,1711
1037,24510,23982,1711
1038,24515,23984,1713
1039,24515,23983,1713
1040,24514,23984,1713
1041,24515,23980,1716
1042,24515,23978,1716
1043,24515,23978,1716
1044,24514,23976,1717
1045,24511,23974,1718
1046,24512,23975,1718
1047,24511,23973,1718
1048,24512,23974,1718
1049,24514,23979,1718
1050,24513,23980,1717
1051,24514,23978,1717
1052,24516,23976,1718
1053,24515,23975,1717
1054,24512,23974,1719
1055,24513,23973,1719
1056,24511,23972,1719
1057,24514,23972,1718
1058,24512,23974,1718
1059,24514,23974,1718
1060,24515,23976,1718
1061,24517,23975,1718
1062,24519,23977,1718
1063,24519,23974,1719
1064,24521,23977,1720
1065,24522,23976,1720
1066,24523,23975,1720
1067,24521,23974,1721
1068,24522,23973,1721
1069,24520,23972,1722
1070,24522,23972,1722
1071,24523,23974,1722
1072,24526,23975,1722
1073,24525,23976,1721
1074,24523,23976,1724
1075,24522,23978,1726
1076,24521,23974,1728
1077,24522,23972,1728
1078,24522,23970,1729
1079,24521,23972,1729
1080,24519,23970,1729
1081,24519,23970,1730
1082,24518,23969,1732
1083,24517,23969,1732
1084,24518,23971,1732
1085,24521,23971,1732
1086,24521,23973,1732
1087,24521,23978,1732
1088,24521,23978,1732
1089,24521,23979,1733
1090,24522,23977,1733
1091,24520,23976,1733
1092,24522,23974,1733
1093,24521,23975,1734
1094,24520,23974,1734
1095,24518,23971,1735
1096,24518,23970,1735
1097,24516,23970,1735
1098,24517,23971,1735
1099,24517,23974,1735
1100,24515,23977,1735
1101,24515,23978,1735
1102,24515,23978,1735
1103,24514,23978,1735
1104,24515,23978,1735
1105,24514,23976,1735
1106,24518,23972,1736
1107,24518,23973,1736
1108,24520,23974,1736
1109,24520,23976,1736
1110,24521,23978,1736
1111,24520,23978,1736
1112,24521,23975,1736
1113,24518,23974,1736
1114,24516,23975,1736
1115,24521,23973,1736
1116,24523,23975,1736
1117,24522,23975,1736
1118,24520,23976,1736
1119,24521,23977,1736
1120,24522,23976,1736
1121,24526,23976,1736
1122,24532,23975,1736
1123,24529,23977,1736
1124,24528,23976,1735
1125,24528,23971,1735
1126,24525,23971,1736
1127,24527,23972,1736
1128,24526,23972,1736
1129,24524,23972,1736
1130,24522,23971,1736
1131,24522,23970,1736
1132,24521,23969,1735
1133,24523,23969,1735
1134,24522,23968,1735
1135,24518,23970,1735
1136,24517,23972,1735
1137,24518,23968,1735
1138,24517,23969,1735
1139,24519,23971,1735
1140,24519,23969,1735
1141,24517,23967,1735
1142,24517,23966,1735
1143,24518,23961,1735
1144,24520,23961,1735
1145,24521,23962,1735
1146,24525,23963,1735
1147,24524,23962,1735
1148,24524,23962,1735
1149,24526,23965,1735
1150,24528,23965,1735
1151,24524,23967,1735
1152,24523,23967,1735
1153,24523,23967,1735
1154,24522,23968,1735
1155,24523,23967,1736
1156,24522,23966,1736
1157,24520,23968,1736
1158,24520,23967,1736
1159,24520,23965,1736
1160,24520,23962,1736
1161,24518,23962,1736
1162,24517,23960,1736
1163,24516,23958,1736
1164,24514,23958,1737
1165,24515,23957,1737
1166,24514,23957,1737
1167,24514,23958,1737
1168,24512,23957,1737
1169,24511,23956,1737
1170,24511,23956,1737
1171,24510,23958,1737
1172,24511,23956,1737
1173,24511,23957,1737
1174,24513,23957,1737
1175,24514,23958,1737
1176,24513,23958,1737
1177,24517,23962,1737
1178,24517,23960,1737
1179,24519,23961,1737
1180,24516,23960,1737
1181,24514,23962,1737
1182,24516,23960,1737
1183,24513,23959,1737
1184,24510,23952,1737
1185,24512,23953,1737
1186,24512,23952,1736
1187,24511,23954,1736
1188,24512,23955,1736
1189,24513,23954,1736
1190,24512,23957,1736
1191,24512,23956,1736
1192,24510,23960,1736
1193,24510,23963,1736
1194,24513,23961,1736
1195,24511,23962,1736
1196,24510,23961,1736
1197,24509,23959,1736
1198,24507,23959,1736
1199,24508,23957,1736
1200,24507,23957,1736
1201,24511,23957,1736
1202,24509,23953,1737
1203,24510,23953,1737
1204,24510,23953,1737
1205,24510,23953,1736
1206,24509,23953,1736
1207,24509,23954,1737
1208,24508,23954,1738
1209,24510,23952,1738
1210,24510,23951,1738
1211,24511,23952,1738
1212,24511,23951,1739
1213,24509,23952,1739
1214,24508,23952,1739
1215,24509,23953,1739
1216,24508,23952,1739
1217,24509,23953,1740
1218,24509,23955,1740
1219,24508,23952,1740
1220,24508,23955,1740
1221,24506,23955,1740
1222,24505,23953,1740
1223,24506,23951,1741
1224,24507,23949,1741
1225,24505,23947,1741
1226,24504,23945,1741
1227,24503,23945,1741
1228,24503,23947,1741
1229,24503,23948,1741
1230,24501,23945,1741
1231,24502,23944,1741
1232,24502,23940,1742
1233,24501,23942,1742
1234,24501,23940,1741
1235,24502,23941,1741
1236,24504,23939,1740
1237,24507,23937,1740
1238,24504,23938,1741
1239,24502,23938,1742
1240,24503,23937,1742
1241,24505,23939,1742
1242,24502,23935,1742
1243,24500,23937,1741
1244,24499,23939,1741
1245,24500,23936,1741
1246,24499,23934,1741
1247,24500,23932,1741
1248,24502,23933,1741
1249,24503,23934,1741
1250,24501,23933,1742
1251,24499,23936,1742
1252,24499,23934,1742
1253,24498,23935,1742
1254,24500,23938,1742
1255,24501,23935,1742
1256,24497,23935,1741
1257,24499,23933,1741
1258,24497,23933,1741
1259,24500,23934,1741
1260,24499,23937,1741
1261,24500,23937,1741
1262,24498,23936,1741
1263,24497,23937,1741
1264,24496,23937,1741
1265,24498,23939,1741
1266,24494,23942,1741
1267,24495,23943,1741
1268,24494,23942,1741
1269,24494,23941,1741
1270,24494,23940,1741
1271,24491,23939,1741
1272,24492,23937,1743
1273,24491,23939,1743
1274,24488,23942,1743
1275,24487,23941,1743
1276,24487,23944,1743
1277,24486,23944,1743
1278,24485,23943,1743
1279,24484,23942,1743
1280,24485,23942,1743
1281,24488,23941,1743
1282,24490,23944,1743
1283,24490,23944,1743
1284,24488,23942,1743
1285,24489,23945,1743
1286,24487,23944,1743
1287,24487,23943,1743
1288,24489,23944,1743
1289,24488,23945,1743
1290,24492,23944,1743
1291,24491,23946,1744
1292,24492,23945,1744
1293,24494,23947,1744
1294,24491,23946,1744
1295,24490,23945,1744
1296,24490,23945,1745
1297,24491,23945,1746
1298,24490,23948,1746
1299,24486,23947,1745
1300,24491,23946,1745
1301,24491,23946,1743
1302,24490,23949,1743
1303,24492,23951,1743
1304,24493,23951,1743
1305,24495,23945,1744
1306,24494,23947,1744
1307,24496,23943,1745
1308,24495,23943,1745
1309,24494,23939,1745
1310,24495,23944,1745
1311,24497,23944,1745
1312,24496,23941,1745
1313,24496,23941,1745
1314,24495,23935,1745
1315,24495,23936,1745
1316,24498,23936,1745
1317,24498,23936,1745
1318,24499,23937,1745
1319,24499,23941,1745
1320,24500,23939,1745
1321,24499,23940,1745
1322,24502,23938,1745
1323,24504,23939,1745
1324,24502,23937,1745
1325,24504,23935,1745
1326,24501,23932,1745
1327,24502,23932,1745
1328,24502,23932,1745
1329,24502,23933,1745
1330,24501,23931,1745
1331,24500,23933,1745
1332,24502,23934,1745
1333,24500,23933,1745
1334,24500,23937,1745
1335,24499,23937,1745
1336,24501,23939,1745
1337,24503,23940,1745
1338,24502,23939,1745
1339,24504,23941,1745
1340,24502,23939,1745
1341,24508,23939,1745
1342,24510,23935,1745
1343,24512,23936,1745
1344,24512,23935,1745
1345,24511,23933,1745
1346,24510,23930,1745
1347,24509,23933,1745
1348,24509,23931,1746
1349,24510,23927,1746
1350,24510,23926,1746
1351,24510,23928,1746
1352,24512,23928,1746
1353,24512,23930,1746
1354,24513,23930,1746
1355,24511,23931,1746
1356,24510,23932,1746
1357,24510,23932,1746
1358,24509,23931,1746
1359,24508,23932,1746
1360,24508,23930,1746
1361,24509,23929,1746
1362,24508,23927,1746
1363,24509,23926,1746
1364,24507,23923,1746
1365,24507,23921,1746
1366,24504,23919,1746
1367,24508,23921,1746
1368,24511,23923,1746
1369,24513,23924,1746
1370,24510,23924,1747
1371,24510,23926,1747
1372,24508,23924,1747
1373,24509,23924,1747
1374,24511,23926,1747
1375,24508,23925,1747
1376,24509,23927,1747
1377,24508,23931,1747
1378,24514,23931,1747
1379,24514,23932,1747
1380,24514,23934,1747
1381,24512,23934,1747
1382,24511,23934,1747
1383,24511,23936,1747
1384,24510,23937,1747
1385,24509,23936,1747
1386,24510,23934,1747
1387,24512,23933,1747
1388,24510,23934,1748
1389,24507,23936,1749
1390,24510,23936,1749
1391,24508,23935,1749
1392,24507,23935,1749
1393,24506,23937,1748
1394,24509,23937,1748
1395,24512,23938,1747
1396,24513,23937,1748
1397,24515,23940,1748
1398,24515,23940,1748
1399,24514,23939,1748
1400,24512,23939,1748
1401,24508,23942,1748
1402,24509,23942,1748
1403,24510,23939,1748
1404,24509,23937,1748
1405,24506,23934,1748
1406,24505,23934,1748
1407,24506,23934,1748
1408,24507,23933,1748
1409,24510,23933,1748
1410,24511,23933,1748
1411,24507,23933,1748
1412,24510,23932,1748
1413,24508,23930,1748
1414,24510,23929,1748
1415,24511,23929,1748
1416,24510,23928,1747
1417,24510,23929,1747
1418,24508,23932,1747
1419,24510,23931,1747
1420,24510,23935,1747
1421,24511,23933,1747
1422,24511,23933,1747
1423,24508,23934,1747
1424,24507,23933,1747
1425,24506,23937,1747
1426,24508,23936,1747
1427,24507,23933,1747
1428,24505,23931,1748
1429,24502,23932,1748
1430,24504,23932,1748
1431,24502,23931,1748
1432,24499,23934,1749
1433,24498,23933,1749
1434,24499,23935,1749
1435,24499,23933,1749
1436,24500,23931,1749
1437,24503,23929,1749
1438,24502,23931,1749
1439,24504,23931,1750
1440,24506,23926,1750
1441,24505,23926,1750
1442,24504,23926,1751
1443,24504,23927,1751
1444,24503,23928,1751
1445,24504,23927,1752
1446,24502,23925,1752
1447,24500,23925,1752
1448,24499,23927,1752
1449,24498,23925,1752
1450,24498,23922,1752
1451,24499,23920,1752
1452,24497,23920,1752
1453,24498,23921,1752
1454,24499,23924,1752
1455,24498,23923,1752
1456,24498,23926,1752
1457,24500,23924,1752
1458,24499,23923,1752
1459,24499,23921,1752
1460,24500,23923,1752
1461,24500,23923,1752
1462,24500,23920,1752
1463,24496,23922,1752
1464,24495,23924,1752
1465,24494,23923,1752
1466,24493,23923,1752
1467,24492,23921,1752
1468,24490,23923,1752
1469,24489,23923,1752
1470,24490,23922,1752
1471,24489,23921,1752
1472,24491,23924,1752
1473,24493,23929,1752
1474,24495,23928,1752
1475,24494,23927,1752
1476,24495,23927,1752
1477,24497,23927,1752
1478,24495,23925,1752
1479,24495,23924,1752
1480,24495,23926,1753
1481,24494,23926,1753
1482,24491,23927,1753
1483,24488,23924,1753
1484,24490,23923,1754
1485,24489,23922,1754
1486,24486,23922,1754
1487,24486,23919,1754
1488,24486,23919,1754
1489,24488,23919,1754
1490,24487,23918,1754
1491,24488,23918,1754
1492,24487,23919,1754
1493,24487,23919,1754
1494,24484,23918,1754
1495,24488,23918,1754
1496,24487,23918,1754
1497,24488,23918,1755
1498,24490,23920,1755
1499,24489,23919,1755
1500,24492,23919,1755
1501,24488,23921,1755
1502,24485,23919,1755
1503,24485,23916,1755
1504,24486,23916,1755
1505,24484,23914,1755
1506,24485,23915,1755
1507,24486,23913,1755
1508,24487,23912,1755
1509,24485,23912,1755
1510,24487,23913,1755
1511,24487,23910,1755
1512,24492,23910,1755
1513,24493,23906,1755
1514,24493,23906,1755
1515,24490,23908,1755
1516,24490,23908,1755
1517,24491,23910,1755
1518,24486,23909,1755
1519,24487,23906,1755
1520,24487,23906,1755
1521,24486,23908,1755
1522,24483,23907,1755
1523,24482,23910,1755
1524,24480,23909,1755
1525,24482,23909,1755
1526,24482,23907,1755
1527,24479,23910,1755
1528,24481,23913,1755
1529,24481,23910,1755
1530,24480,23912,1755
1531,24480,23911,1755
1532,24477,23914,1756
1533,24475,23914,1756
1534,24475,23912,1756
1535,24471,23910,1756
1536,24471,23912,1756
1537,24470,23914,1756
1538,24470,23913,1756
1539,24469,23914,1756
1540,24470,23913,1756
1541,24470,23913,1756
1542,24468,23910,1756
1543,24469,23905,1756
1544,24470,23905,1756
1545,24473,23909,1756
1546,24470,23908,1756
1547,24469,23910,1756
1548,24471,23913,1756
1549,24471,23915,1757
1550,24472,23916,1757
1551,24468,23920,1757
1552,24470,23919,1758
1553,24468,23917,1759
1554,24468,23917,1759
1555,24467,23919,1759
1556,24466,23920,1759
1557,24464,23917,1759
1558,24462,23917,1759
1559,24462,23917,1759
1560,24462,23918,1760
1561,24461,23916,1760
1562,24462,23918,1760
1563,24460,23919,1760
1564,24464,23918,1760
1565,24464,23919,1760
1566,24464,23917,1760
1567,24465,23910,1760
1568,24466,23912,1761
1569,24467,23911,1762
1570,24468,23914,1762
1571,24469,23917,1762
1572,24467,23918,1762
1573,24466,23918,1762
1574,24465,23918,1762
1575,24469,23918,1762
1576,24468,23919,1762
1577,24470,23918,1762
1578,24471,23916,1762
1579,24470,23915,1762
1580,24468,23916,1762
1581,24468,23914,1762
1582,24470,23913,1762
1583,24470,23916,1762
1584,24470,23915,1762
1585,24471,23916,1762
1586,24474,23917,1762
1587,24476,23914,1762
1588,24475,23914,1762
1589,24471,23911,1763
1590,24473,23907,1764
1591,24472,23909,1764
1592,24477,23910,1764
1593,24477,23910,1764
1594,24479,23909,1764
1595,24478,23908,1764
1596,24474,23907,1764
1597,24475,23907,1764
1598,24475,23907,1764
1599,24475,23905,1763
1600,24473,23904,1763
1601,24473,23904,1763
1602,24473,23906,1763
1603,24474,23906,1763
1604,24476,23905,1763
1605,24475,23904,1763
1606,24473,23906,1763
1607,24469,23905,1763
1608,24467,23903,1763
1609,24467,23905,1763
1610,24464,23907,1763
1611,24464,23909,1763
1612,24464,23909,1763
1613,24466,23908,1763
1614,24467,23907,1763
1615,24469,23907,1763
1616,24472,23906,1763
1617,24471,23904,1763
1618,24472,23902,1763
1619,24469,23903,1763
1620,24468,23903,1763
1621,24468,23900,1763
1622,24466,23900,1763
1623,24466,23897,1763
1624,24469,23899,1763
1625,24470,23900,1763
1626,24471,23900,1763
1627,24474,23900,1763
1628,24473,23900,1763
1629,24473,23899,1763
1630,24473,23897,1764
1631,24474,23896,1764
1632,24476,23895,1764
1633,24479,23895,1764
1634,24480,23894,1764
1635,24482,23891,1764
1636,24482,23891,1764
1637,24482,23893,1764
1638,24481,23895,1764
1639,24483,23896,1765
1640,24483,23897,1765
1641,24483,23895,1766
1642,24482,23895,1766
1643,24482,23897,1766
1644,24483,23897,1766
1645,24484,23899,1766
1646,24486,23898,1766
1647,24486,23897,1766
1648,24486,23895,1766
1649,24486,23893,1766
1650,24488,23893,1766
1651,24487,23891,1766
1652,24486,23888,1766
1653,24487,23889,1766
1654,24489,23887,1766
1655,24489,23887,1766
1656,24490,23886,1766
1657,24490,23884,1765
1658,24491,23881,1765
1659,24490,23878,1765
1660,24491,23880,1765
1661,24490,23878,1765
1662,24490,23881,1765
1663,24488,23883,1764
1664,24489,23883,1763
1665,24489,23883,1763
1666,24488,23882,1764
1667,24486,23880,1764
1668,24486,23880,1764
1669,24488,23881,1764
1670,24488,23881,1764
1671,24487,23878,1763
1672,24490,23878,1763
1673,24490,23879,1763
1674,24488,23878,1764
1675,24488,23875,1764
1676,24485,23876,1765
1677,24482,23876,1765
1678,24485,23876,1765
1679,24487,23878,1764
1680,24486,23874,1764
1681,24484,23873,1764
1682,24484,23873,1764
1683,24485,23873,1764
1684,24484,23873,1764
1685,24486,23874,1764
1686,24487,23872,1764
1687,24486,23868,1764
1688,24486,23870,1764
1689,24485,23871,1765
1690,24485,23870,1765
1691,24483,23868,1765
1692,24480,23868,1765
1693,24482,23869,1764
1694,24481,23868,1764
1695,24480,23869,1764
1696,24477,23866,1764
1697,24477,23864,1764
1698,24478,23866,1764
1699,24479,23865,1764
1700,24480,23862,1764
1701,24480,23860,1763
1702,24481,23857,1763
1703,24483,23857,1762
1704,24483,23857,1762
1705,24482,23859,1761
1706,24480,23860,1761
1707,24482,23859,1761
1708,24480,23858,1761
1709,24481,23858,1761
1710,24482,23860,1761
1711,24481,23862,1761
1712,24482,23861,1761
1713,24483,23859,1761
1714,24484,23859,1762
1715,24487,23859,1762
1716,24486,23859,1762
1717,24487,23859,1762
1718,24489,23859,1762
1719,24487,23859,1762
1720,24486,23860,1762
1721,24489,23858,1762
1722,24489,23861,1762
1723,24491,23863,1762
1724,24491,23861,1762
1725,24489,23862,1762
1726,24489,23863,1762
1727,24489,23861,1762
1728,24489,23861,1762
1729,24491,23860,1762
1730,24491,23860,1762
1731,24491,23859,1762
1732,24492,23857,1762
1733,24491,23857,1762
1734,24491,23856,1762
1735,24489,23856,1762
1736,24484,23856,1761
1737,24484,23856,1761
1738,24485,23856,1761
1739,24485,23855,1761
1740,24485,23853,1762
1741,24485,23853,1763
1742,24487,23851,1763
1743,24491,23851,1763
1744,24488,23852,1763
1745,24486,23853,1763
1746,24488,23854,1763
1747,24485,23853,1763
1748,24483,23852,1764
1749,24487,23854,1764
1750,24488,23853,1764
1751,24488,23853,1764
1752,24487,23851,1764
1753,24485,23850,1764
1754,24483,23849,1765
1755,24480,23848,1765
1756,24481,23851,1765
1757,24481,23849,1765
1758,24481,23849,1765
1759,24478,23852,1765
1760,24478,23845,1765
1761,24476,23847,1765
1762,24478,23847,1765
1763,24482,23844,1765
1764,24484,23846,1765
1765,24484,23847,1765
1766,24485,23847,1765
1767,24486,23847,1765
1768,24486,23844,1765
1769,24488,23842,1765
1770,24485,23846,1766
1771,24488,23846,1766
1772,24489,23850,1766
1773,24490,23852,1766
1774,24491,23855,1766
1775,24490,23856,1766
1776,24492,23855,1766
1777,24494,23857,1766
1778,24493,23857,1766
1779,24491,23856,1765
1780,24491,23858,1765
1781,24492,23858,1765
1782,24493,23860,1765
1783,24497,23858,1765
1784,24497,23854,1765
1785,24499,23850,1766
1786,24498,23850,1766
1787,24496,23847,1766
1788,24492,23847,1765
1789,24489,23847,1765
1790,24489,23847,1765
1791,24485,23844,1765
1792,24485,23847,1765
1793,24485,23850,1765
1794,24484,23850,1766
1795,24484,23853,1766
1796,24481,23852,1766
1797,24482,23852,1766
1798,24481,23853,1767
1799,24480,23854,1767
1800,24479,23852,1767
1801,24479,23853,1767
1802,24478,23850,1767
1803,24481,23851,1767
1804,24484,23848,1767
1805,24484,23849,1767
1806,24483,23850,1767
1807,24484,23849,1767
1808,24485,23848,1767
1809,24485,23846,1767
1810,24490,23844,1767
1811,24489,23842,1767
1812,24489,23842,1767
1813,24488,23848,1767
1814,24483,23848,1767
1815,24483,23849,1767
1816,24480,23853,1767
1817,24482,23849,1768
1818,24479,23849,1769
1819,24479,23849,1769
1820,24480,23850,1769
1821,24479,23850,1769
1822,24482,23852,1769
1823,24485,23852,1770
1824,24487,23853,1770
1825,24487,23852,1770
1826,24484,23851,1771
1827,24483,23850,1771
1828,24483,23849,1771
1829,24484,23853,1771
1830,24481,23855,1771
1831,24481,23855,1771
1832,24482,23855,1771
1833,24484,23855,1771
1834,24486,23853,1771
1835,24484,23857,1771
1836,24487,23859,1771
1837,24489,23857,1771
1838,24489,23859,1770
1839,24491,23859,1770
1840,24490,23858,1770
1841,24487,23859,1770
1842,24487,23858,1770
1843,24489,23857,1770
1844,24489,23857,1770
1845,24487,23857,1770
1846,24488,23857,1770
1847,24488,23858,1770
1848,24487,23858,1769
1849,24488,23859,1769
1850,24489,23859,1769
1851,24487,23860,1769
1852,24488,23860,1769
1853,24489,23863,1769
1854,24489,23864,1769
1855,24490,23864,1769
1856,24488,23863,1769
1857,24492,23861,1769
1858,24492,23860,1770
1859,24491,23859,1771
1860,24489,23857,1771
1861,24487,23859,1771
1862,24489,23860,1771
1863,24485,23860,1773
1864,24484,23860,1773
1865,24482,23859,1773
1866,24484,23859,1773
1867,24482,23863,1773
1868,24479,23861,1773
1869,24475,23862,1773
1870,24473,23861,1773
1871,24473,23860,1773
1872,24475,23862,1772
1873,24476,23859,1772
1874,24477,23857,1772
1875,24475,23856,1772
1876,24474,23857,1771
1877,24474,23858,1771
1878,24476,23860,1771
1879,24478,23858,1771
1880,24477,23855,1771
1881,24479,23857,1771
1882,24481,23858,1771
1883,24482,23860,1771
1884,24479,23861,1771
1885,24479,23863,1771
1886,24479,23865,1772
1887,24482,23866,1772
1888,24481,23868,1772
1889,24481,23866,1772
1890,24482,23868,1772
1891,24483,23868,1773
1892,24484,23865,1774
1893,24485,23865,1774
1894,24484,23867,1774
1895,24482,23869,1773
1896,24486,23871,1773
1897,24484,23870,1773
1898,24484,23871,1773
1899,24487,23870,1772
1900,24489,23869,1771
1901,24489,23871,1771
1902,24490,23875,1771
1903,24490,23877,1771
1904,24491,23879,1771
1905,24492,23879,1771
1906,24493,23881,1771
1907,24491,23881,1771
1908,24492,23882,1771
1909,24492,23881,1771
1910,24494,23886,1771
1911,24493,23885,1771
1912,24492,23885,1771
1913,24492,23883,1771
1914,24496,23882,1771
1915,24496,23881,1771
1916,24492,23881,1771
1917,24493,23880,1771
1918,24492,23878,1771
1919,24496,23876,1771
1920,24500,23874,1771
1921,24503,23873,1771
1922,24504,23875,1771
1923,24504,23875,1770
1924,24503,23874,1770
1925,24502,23874,1770
1926,24503,23872,1769
1927,24505,23871,1770
1928,24504,23868,1771
1929,24508,23868,1771
1930,24510,23868,1771
1931,24510,23867,1771
1932,24510,23866,1771
1933,24508,23867,1771
1934,24505,23869,1771
1935,24506,23867,1771
1936,24503,23868,1771
1937,24502,23868,1771
1938,24499,23868,1771
1939,24499,23868,1771
1940,24502,23867,1771
1941,24501,23867,1771
1942,24500,23867,1770
1943,24498,23867,1769
1944,24498,23869,1769
1945,24497,23869,1769
1946,24498,23868,1769
1947,24493,23865,1769
1948,24493,23865,1769
1949,24491,23865,1769
1950,24490,23864,1769
1951,24486,23865,1770
1952,24486,23869,1770
1953,24484,23868,1770
1954,24487,23868,1770
1955,24486,23869,1770
1956,24483,23869,1771
1957,24482,23870,1771
1958,24480,23870,1771
1959,24479,23867,1771
1960,24476,23868,1771
1961,24477,23869,1771
1962,24478,23869,1771
1963,24477,23870,1771
1964,24478,23872,1771
1965,24476,23873,1771
1966,24477,23873,1771
1967,24476,23876,1771
1968,24476,23873,1772
1969,24476,23871,1772
1970,24475,23867,1772
1971,24476,23868,1772
1972,24477,23868,1772
1973,24476,23871,1772
1974,24475,23871,1772
1975,24473,23873,1772
1976,24474,23874,1772
1977,24470,23873,1772
1978,24471,23875,1772
1979,24470,23874,1773
1980,24472,23874,1773
1981,24471,23875,1773
1982,24471,23877,1773
1983,24470,23876,1773
1984,24469,23877,1773
1985,24468,23879,1773
1986,24469,23879,1773
1987,24469,23877,1773
1988,24470,23877,1773
1989,24469,23879,1773
1990,24470,23880,1773
1991,24471,23882,1773
1992,24472,23884,1773
1993,24472,23885,1773
1994,24472,23883,1773
1995,24473,23884,1773
1996,24471,23884,1773
1997,24472,23886,1773
1998,24475,23886,1773
1999,24475,23883,1773
2000,24475,23883,1773
2001,24476,23885,1773
2002,24476,23881,1773
2003,24474,23874,1773
2004,24474,23873,1774
2005,24473,23874,1774
2006,24474,23872,1774
2007,24477,23873,1774
2008,24477,23875,1774
2009,24476,23877,1774
2010,24476,23877,1774
2011,24473,23876,1774
2012,24472,23876,1774
2013,24472,23876,1774
2014,24471,23879,1774
2015,24471,23878,1774
2016,24471,23878,1774
2017,24470,23879,1774
2018,24469,23876,1774
2019,24472,23876,1774
2020,24473,23881,1774
2021,24473,23878,1775
2022,24471,23876,1774
2023,24471,23878,1775
2024,24475,23879,1775
2025,24476,23880,1775
2026,24474,23882,1775
2027,24475,23881,1775
2028,24472,23880,1775
2029,24469,23880,1775
2030,24469,23881,1775
2031,24469,23880,1775
2032,24471,23882,1775
2033,24471,23882,1774
2034,24470,23882,1774
2035,24467,23885,1775
2036,24467,23884,1775
2037,24470,23886,1775
2038,24468,23888,1776
2039,24469,23890,1776
2040,24467,23889,1776
2041,24465,23891,1776
2042,24468,23891,1776
2043,24467,23891,1777
2044,24468,23890,1778
2045,24468,23893,1778
2046,24469,23893,1778
2047,24468,23895,1778
2048,24469,23892,1778
2049,24470,23888,1778
2050,24469,23890,1778
2051,24471,23891,1777
2052,24466,23893,1777
2053,24465,23893,1777
2054,24464,23896,1777
2055,24465,23897,1776
2056,24464,23898,1774
2057,24461,23900,1774
2058,24458,23900,1774
2059,24460,23903,1774
2060,24461,23902,1774
2061,24461,23899,1773
2062,24461,23897,1773
2063,24460,23899,1773
2064,24461,23901,1773
2065,24461,23902,1773
2066,24460,23901,1773
2067,24461,23900,1773
2068,24460,23899,1773
2069,24461,23897,1774
2070,24462,23897,1775
2071,24466,23895,1775
2072,24469,23898,1775
2073,24470,23897,1775
2074,24467,23898,1775
2075,24464,23898,1776
2076,24464,23893,1776
2077,24465,23891,1776
2078,24465,23891,1776
2079,24462,23894,1776
2080,24460,23895,1777
2081,24459,23894,1777
2082,24458,23896,1777
2083,24455,23896,1777
2084,24456,23899,1778
2085,24457,23902,1778
2086,24456,23901,1779
2087,24457,23900,1779
2088,24460,23899,1779
2089,24462,23899,1779
2090,24462,23900,1779
2091,24465,23899,1779
2092,24462,23904,1779
2093,24466,23905,1779
2094,24469,23905,1779
2095,24470,23905,1779
2096,24466,23907,1779
2097,24466,23904,1779
2098,24465,23904,1779
2099,24466,23905,1779
2100,24466,23907,1779
2101,24466,23908,1779
2102,24467,23907,1779
2103,24464,23906,1779
2104,24461,23906,1779
2105,24461,23907,1779
2106,24461,23905,1778
2107,24460,23907,1778
2108,24457,23906,1778
2109,24456,23905,1779
2110,24454,23903,1779
2111,24454,23903,1779
2112,24453,23905,1779
2113,24455,23903,1779
2114,24458,23903,1779
2115,24458,23904,1779
2116,24457,23907,1780
2117,24457,23907,1780
2118,24458,23908,1780
2119,24458,23904,1780
2120,24459,23903,1780
2121,24458,23906,1780
2122,24458,23907,1780
2123,24456,23905,1780
2124,24458,23905,1780
2125,24456,23902,1780
2126,24453,23903,1780
2127,24450,23898,1780
2128,24447,23899,1780
2129,24448,23900,1780
2130,24447,23903,1780
2131,24446,23904,1780
2132,24446,23902,1780
2133,24446,23906,1780
2134,24447,23908,1780
2135,24447,23908,1780
2136,24447,23907,1780
2137,24448,23910,1780
2138,24449,23911,1780
2139,24449,23914,1780
2140,24450,23913,1780
2141,24450,23912,1780
2142,24450,23913,1781
2143,24449,23916,1780
2144,24450,23915,1780
2145,24449,23917,1780
2146,24447,23918,1780
2147,24447,23918,1780
2148,24448,23918,1780
2149,24447,23917,1780
2150,24446,23915,1780
2151,24448,23913,1780
2152,24449,23915,1780
2153,24446,23915,1780
2154,24444,23915,1780
2155,24442,23916,1780
2156,24441,23918,1780
2157,24440,23916,1780
2158,24439,23919,1780
2159,24442,23923,1780
2160,24444,23925,1780
2161,24445,23923,1780
2162,24447,23921,1780
2163,24451,23923,1780
2164,24455,23922,1780
2165,24455,23926,1780
2166,24453,23926,1780
2167,24452,23928,1780
2168,24451,23928,1780
2169,24453,23925,1780
2170,24452,23925,1780
2171,24451,23926,1780
2172,24452,23926,1780
2173,24452,23927,1780
2174,24451,23928,1780
2175,24450,23926,1780
2176,24451,23922,1780
2177,24450,23922,1780
2178,24448,23924,1780
2179,24450,23922,1780
2180,24449,23919,1781
2181,24447,23922,1781
2182,24446,23922,1781
2183,24445,23921,1780
2184,24446,23921,1780
2185,24444,23919,1780
2186,24447,23918,1779
2187,24449,23915,1779
2188,24447,23916,1779
2189,24448,23919,1779
2190,24452,23915,1779
2191,24451,23915,1779
2192,24449,23916,1779
2193,24449,23919,1779
2194,24447,23916,1779
2195,24444,23913,1779
2196,24444,23912,1779
2197,24444,23912,1779
2198,24445,23911,1779
2199,24446,23913,1779
2200,24445,23913,1779
2201,24448,23914,1779
2202,24445,23913,1779
2203,24445,23912,1779
2204,24443,23912,1779
2205,24447,23913,1779
2206,24450,23915,1779
2207,24453,23915,1779
2208,24454,23915,1779
2209,24454,23914,1779
2210,24454,23913,1779
2211,24455,23914,1779
2212,24455,23912,1779
2213,24456,23912,1779
2214,24454,23912,1779
2215,24452,23911,1779
2216,24450,23911,1779
2217,24446,23911,1779
2218,24447,23910,1779
2219,24450,23909,1779
2220,24447,23910,1779
2221,24449,23912,1780
2222,24448,23909,1780
2223,24451,23909,1780
2224,24453,23909,1779
2225,24450,23908,1778
2226,24452,23903,1778
2227,24452,23901,1778
2228,24452,23901,1778
2229,24450,23905,1778
2230,24448,23905,1778
2231,24448,23905,1778
2232,24446,23907,1778
2233,24445,23907,1778
2234,24444,23907,1778
2235,24444,23906,1778
2236,24441,23905,1778
2237,24439,23906,1778
2238,24438,23908,1778
2239,24441,23906,1778
2240,24441,23906,1778
2241,24437,23905,1778
2242,24436,23904,1778
2243,24432,23906,1778
2244,24433,23906,1778
2245,24431,23904,1778
2246,24430,23904,1778
2247,24431,23903,1777
2248,24429,23904,1777
2249,24428,23903,1777
2250,24426,23905,1777
2251,24426,23903,1777
2252,24424,23900,1777
2253,24421,23899,1777
2254,24422,23898,1777
2255,24424,23898,1777
2256,24423,23896,1777
2257,24421,23896,1777
2258,24416,23896,1777
2259,24417,23894,1777
2260,24419,23894,1776
2261,24417,23892,1776
2262,24417,23893,1776
2263,24416,23891,1776
2264,24416,23891,1775
2265,24417,23893,1775
2266,24416,23890,1775
2267,24422,23893,1775
2268,24424,23891,1775
2269,24420,23891,1775
2270,24423,23890,1775
2271,24424,23890,1775
2272,24424,23888,1775
2273,24427,23888,1776
2274,24427,23885,1776
2275,24428,23883,1777
2276,24429,23885,1776
2277,24429,23880,1776
2278,24431,23877,1776
2279,24429,23880,1775
2280,24428,23879,1775
2281,24425,23879,1776
2282,24427,23876,1776
2283,24427,23875,1776
2284,24427,23876,1776
2285,24428,23879,1776
2286,24426,23876,1776
2287,24426,23877,1776
2288,24428,23876,1777
2289,24428,23877,1777
2290,24426,23876,1777
2291,24425,23875,1777
2292,24421,23874,1777
2293,24420,23874,1777
2294,24419,23872,1777
2295,24419,23875,1777
2296,24417,23875,1777
2297,24418,23874,1777
2298,24415,23873,1777
2299,24411,23872,1776
2300,24413,23869,1776
2301,24409,23869,1775
2302,24410,23870,1775
2303,24410,23867,1775
2304,24412,23871,1775
2305,24412,23870,1775
2306,24414,23872,1776
2307,24414,23872,1776
2308,24412,23869,1776
2309,24411,23869,1776
2310,24410,23867,1776
2311,24410,23865,1776
2312,24409,23863,1776
2313,24406,23867,1776
2314,24404,23867,1776
2315,24407,23864,1776
2316,24408,23861,1777
2317,24410,23859,1777
2318,24408,23859,1776
2319,24408,23860,1776
2320,24407,23861,1777
2321,24410,23863,1777
2322,24409,23861,1777
2323,24409,23863,1777
2324,24411,23863,1777
2325,24409,23861,1777
2326,24413,23860,1777
2327,24412,23859,1777
2328,24413,23858,1777
2329,24411,23854,1778
2330,24410,23850,1778
2331,24409,23849,1778
2332,24409,23848,1778
2333,24410,23845,1778
2334,24409,23842,1778
2335,24408,23844,1778
2336,24408,23846,1778
2337,24408,23844,1778
2338,24410,23847,1778
2339,24410,23848,1776
2340,24410,23846,1776
2341,24411,23846,1776
2342,24411,23844,1776
2343,24413,23847,1777
2344,24414,23848,1777
2345,24417,23849,1777
2346,24415,23853,1777
2347,24417,23852,1777
2348,24417,23853,1777
2349,24418,23852,1778
2350,24418,23853,1778
2351,24416,23852,1778
2352,24419,23852,1778
2353,24416,23850,1778
2354,24417,23851,1778
2355,24415,23850,1778
2356,24415,23850,1778
2357,24416,23850,1778
2358,24418,23850,1778
2359,24417,23854,1778
2360,24418,23855,1779
2361,24417,23857,1779
2362,24418,23856,1779
2363,24416,23855,1779
2364,24416,23853,1779
2365,24419,23855,1779
2366,24418,23854,1779
2367,24421,23853,1779
2368,24419,23853,1781
2369,24420,23853,1781
2370,24421,23852,1781
2371,24422,23853,1781
2372,24422,23851,1782
2373,24421,23847,1782
2374,24420,23847,1782
2375,24420,23847,1782
2376,24419,23846,1782
2377,24417,23846,1782
2378,24417,23845,1782
2379,24418,23845,1783
2380,24419,23843,1783
2381,24419,23838,1783
2382,24420,23838,1783
2383,24419,23836,1783
2384,24421,23836,1782
2385,24420,23836,1782
2386,24417,23835,1782
2387,24417,23835,1782
2388,24419,23835,1782
2389,24419,23837,1782
2390,24417,23835,1782
2391,24420,23832,1781
2392,24425,23832,1781
2393,24425,23831,1781
2394,24423,23828,1781
2395,24421,23828,1782
2396,24422,23828,1782
2397,24420,23827,1783
2398,24421,23827,1784
2399,24424,23826,1784
2400,24423,23824,1784
2401,24422,23823,1784
2402,24425,23824,1784
2403,24427,23823,1784
2404,24427,23822,1783
2405,24427,23821,1783
2406,24429,23822,1782
2407,24426,23822,1782
2408,24424,23824,1782
2409,24421,23826,1782
2410,24422,23826,1780
2411,24422,23827,1780
2412,24421,23827,1780
2413,24421,23827,1780
2414,24422,23826,1780
2415,24422,23828,1780
2416,24417,23831,1780
2417,24416,23832,1780
2418,24415,23830,1780
2419,24414,23828,1780
2420,24413,23829,1780
2421,24408,23828,1780
2422,24407,23831,1780
2423,24408,23833,1780
2424,24410,23837,1780
2425,24409,23837,1780
2426,24402,23837,1780
2427,24403,23837,1780
2428,24404,23835,1780
2429,24403,23835,1780
2430,24399,23835,1779
2431,24399,23838,1779
2432,24397,23842,1779
2433,24398,23845,1779
2434,24396,23845,1779
2435,24395,23848,1779
2436,24395,23847,1779
2437,24394,23846,1779
2438,24396,23845,1779
2439,24395,23846,1779
2440,24394,23844,1779
2441,24394,23845,1779
2442,24396,23846,1779
2443,24395,23848,1779
2444,24398,23851,1779
2445,24400,23853,1779
2446,24401,23852,1779
2447,24402,23854,1779
2448,24404,23852,1779
2449,24403,23851,1779
2450,24403,23850,1779
2451,24407,23851,1779
2452,24407,23851,1779
2453,24403,23853,1778
2454,24403,23851,1778
2455,24405,23854,1778
2456,24404,23854,1778
2457,24404,23855,1778
2458,24403,23854,1778
2459,24405,23853,1778
2460,24402,23854,1779
2461,24399,23853,1780
2462,24398,23853,1780
2463,24399,23851,1780
2464,24399,23848,1780
2465,24399,23848,1780
2466,24394,23848,1780
2467,24393,23847,1780
2468,24393,23848,1780
2469,24391,23850,1780
2470,24394,23849,1780
2471,24393,23849,1780
2472,24395,23847,1780
2473,24395,23847,1780
2474,24394,23846,1780
2475,24394,23843,1780
2476,24393,23843,1780
2477,24393,23841,1779
2478,24391,23839,1780
2479,24391,23836,1780
2480,24390,23839,1780
2481,24390,23838,1780
2482,24389,23838,1780
2483,24388,23838,1780
2484,24386,23840,1780
2485,24387,23839,1780
2486,24386,23840,1780
2487,24387,23842,1780
2488,24384,23842,1782
2489,24384,23842,1782
2490,24386,23842,1782
2491,24387,23840,1782
2492,24384,23839,1782
2493,24383,23840,1782
2494,24382,23840,1782
2495,24380,23840,1782
2496,24380,23838,1783
2497,24377,23837,1783
2498,24378,23836,1783
2499,24378,23838,1783
2500,24376,23839,1783
2501,24374,23837,1782
2502,24371,23838,1782
2503,24367,23837,1782
2504,24368,23837,1782
2505,24368,23835,1782
2506,24369,23839,1782
2507,24368,23837,1782
2508,24365,23837,1782
2509,24365,23837,1782
2510,24366,23838,1782
2511,24366,23838,1782
2512,24365,23839,1782
2513,24368,23840,1782
2514,24367,23837,1782
2515,24364,23837,1782
2516,24360,23836,1782
2517,24358,23835,1782
2518,24359,23836,1782
2519,24359,23836,1782
2520,24360,23837,1782
2521,24360,23835,1782
2522,24360,23834,1781
2523,24360,23832,1781
2524,24364,23834,1781
2525,24366,23836,1780
2526,24365,23837,1780
2527,24368,23837,1781
2528,24366,23836,1780
2529,24364,23838,1780
2530,24363,23837,1780
2531,24365,23836,1780
2532,24364,23836,1780
2533,24365,23837,1780
2534,24366,23836,1780
2535,24366,23836,1780
2536,24366,23835,1780
2537,24367,23834,1780
2538,24364,23834,1781
2539,24361,23833,1781
2540,24361,23834,1781
2541,24367,23837,1781
2542,24365,23838,1781
2543,24365,23835,1781
2544,24364,23836,1781
2545,24366,23832,1782
2546,24370,23835,1782
2547,24370,23834,1782
2548,24370,23832,1782
2549,24370,23831,1782
2550,24370,23830,1782
2551,24371,23829,1782
2552,24367,23829,1781
2553,24367,23830,1781
2554,24366,23830,1781
2555,24365,23830,1781
2556,24363,23827,1781
2557,24364,23829,1782
2558,24363,23827,1782
2559,24366,23828,1782
2560,24366,23828,1781
2561,24364,23827,1781
2562,24362,23827,1781
2563,24364,23827,1781
2564,24363,23826,1781
2565,24365,23825,1780
2566,24367,23823,1780
2567,24368,23822,1781
2568,24369,23823,1781
2569,24365,23822,1782
2570,24363,23820,1782
2571,24363,23821,1782
2572,24365,23820,1782
2573,24367,23818,1782
2574,24367,23822,1782
2575,24367,23822,1782
2576,24368,23820,1782
2577,24369,23819,1782
2578,24366,23820,1782
2579,24366,23823,1782
2580,24366,23821,1781
2581,24366,23822,1781
2582,24363,23823,1782
2583,24362,23822,1782
2584,24363,23823,1782
2585,24366,23822,1782
2586,24365,23823,1782
2587,24365,23825,1782
2588,24365,23826,1782
2589,24363,23826,1782
2590,24362,23828,1782
2591,24363,23828,1782
2592,24362,23830,1782
2593,24363,23833,1782
2594,24362,23828,1782
2595,24361,23828,1782
2596,24359,23829,1783
2597,24360,23829,1783
2598,24361,23827,1783
2599,24359,23828,1783
2600,24358,23829,1783
2601,24359,23830,1783
2602,24359,23830,1783
2603,24359,23830,1783
2604,24360,23830,1783
2605,24358,23832,1783
2606,24357,23831,1783
2607,24359,23828,1783
2608,24357,23826,1784
2609,24356,23825,1784
2610,24355,23824,1784
2611,24355,23825,1784
2612,24355,23823,1784
2613,24354,23822,1784
2614,24358,23821,1784
2615,24356,23824,1784
2616,24357,23823,1784
2617,24356,23820,1784
2618,24357,23822,1784
2619,24358,23821,1784
2620,24358,23821,1784
2621,24360,23825,1784
2622,24359,23823,1784
2623,24360,23821,1784
2624,24358,23821,1784
2625,24362,23821,1784
2626,24363,23820,1784
2627,24362,23820,1784
2628,24362,23820,1784
2629,24366,23822,1784
2630,24367,23818,1784
2631,24367,23817,1784
2632,24371,23820,1784
2633,24368,23820,1784
2634,24370,23819,1783
2635,24370,23819,1783
2636,24373,23819,1783
2637,24371,23817,1783
2638,24373,23815,1783
2639,24369,23817,1783
2640,24369,23816,1783
2641,24370,23816,1783
2642,24370,23814,1783
2643,24369,23813,1783
2644,24367,23811,1784
2645,24367,23810,1785
2646,24366,23809,1786
2647,24367,23808,1786
2648,24368,23807,1786
2649,24366,23808,1786
2650,24369,23809,1786
2651,24371,23810,1786
2652,24371,23809,1786
2653,24373,23808,1786
2654,24372,23810,1786
2655,24373,23811,1786
2656,24371,23810,1786
2657,24374,23812,1786
2658,24372,23812,1786
2659,24372,23812,1786
2660,24369,23810,1785
2661,24368,23810,1785
2662,24369,23811,1785
2663,24371,23814,1785
2664,24368,23816,1785
2665,24369,23819,1785
2666,24367,23819,1786
2667,24368,23818,1786
2668,24369,23820,1786
2669,24370,23822,1786
2670,24372,23821,1786
2671,24375,23820,1786
2672,24376,23822,1786
2673,24375,23824,1786
2674,24376,23823,1786
2675,24370,23823,1786
2676,24372,23822,1786
2677,24371,23821,1786
2678,24369,23821,1786
2679,24368,23819,1786
2680,24370,23819,1786
2681,24371,23816,1786
2682,24370,23813,1787
2683,24370,23812,1788
2684,24371,23810,1788
2685,24371,23810,1788
2686,24371,23810,1788
2687,24373,23808,1788
2688,24374,23804,1788
2689,24373,23804,1789
2690,24370,23804,1789
2691,24366,23807,1789
2692,24364,23806,1789
2693,24364,23808,1789
2694,24363,23808,1789
2695,24364,23805,1789
2696,24366,23803,1789
2697,24365,23804,1789
2698,24365,23804,1790
2699,24365,23803,1790
2700,24363,23804,1790
2701,24363,23803,1790
2702,24364,23803,1790
2703,24366,23804,1791
2704,24366,23804,1792
2705,24366,23805,1792
2706,24367,23801,1792
2707,24369,23803,1792
2708,24370,23804,1792
2709,24370,23802,1792
2710,24368,23803,1792
2711,24367,23805,1793
2712,24365,23808,1792
2713,24366,23808,1792
2714,24367,23811,1792
2715,24369,23811,1792
2716,24366,23811,1792
2717,24369,23810,1792
2718,24370,23811,1792
2719,24369,23813,1792
2720,24368,23814,1792
2721,24367,23815,1792
2722,24368,23817,1792
2723,24368,23817,1792
2724,24366,23817,1792
2725,24370,23815,1792
2726,24371,23816,1792
2727,24371,23817,1792
2728,24373,23816,1792
2729,24373,23816,1792
2730,24375,23814,1792
2731,24379,23813,1792
2732,24379,23812,1791
2733,24381,23809,1791
2734,24380,23811,1791
2735,24378,23811,1790
2736,24377,23808,1790
2737,24377,23813,1790
2738,24375,23812,1790
2739,24373,23809,1791
2740,24373,23807,1792
2741,24376,23805,1792
2742,24376,23803,1792
2743,24380,23801,1792
2744,24382,23800,1792
2745,24384,23800,1792
2746,24382,23798,1792
2747,24380,23799,1792
2748,24381,23800,1792
2749,24382,23797,1792
2750,24380,23797,1791
2751,24378,23798,1791
2752,24378,23797,1791
2753,24377,23795,1791
2754,24376,23794,1791
2755,24375,23796,1791
2756,24379,23798,1791
2757,24375,23797,1791
2758,24376,23798,1790
2759,24378,23798,1790
2760,24379,23801,1790
2761,24378,23803,1790
2762,24378,23803,1790
2763,24378,23802,1790
2764,24376,23802,1790
2765,24375,23802,1790
2766,24373,23805,1789
2767,24373,23809,1789
2768,24373,23808,1789
2769,24371,23807,1789
2770,24372,23802,1789
2771,24370,23806,1789
2772,24370,23805,1790
2773,24369,23804,1790
2774,24370,23801,1790
2775,24369,23802,1790
2776,24371,23801,1791
2777,24374,23801,1791
2778,24378,23799,1791
2779,24383,23795,1791
2780,24381,23792,1791
2781,24381,23792,1791
2782,24381,23794,1791
2783,24380,23796,1791
2784,24378,23797,1791
2785,24377,23796,1792
2786,24375,23799,1792
2787,24373,23800,1792
2788,24372,23799,1791
2789,24370,23798,1791
2790,24369,23798,1791
2791,24368,23796,1791
2792,24370,23797,1791
2793,24368,23794,1791
2794,24369,23795,1791
2795,24368,23797,1791
2796,24371,23797,1791
2797,24373,23800,1791
2798,24373,23800,1791
2799,24372,23800,1791
2800,24373,23802,1791
2801,24374,23800,1791
2802,24369,23801,1791
2803,24371,23798,1792
2804,24372,23798,1792
2805,24372,23798,1792
2806,24373,23798,1792
2807,24371,23798,1792
2808,24371,23800,1792
2809,24373,23800,1791
2810,24375,23801,1790
2811,24376,23799,1791
2812,24376,23799,1791
2813,24377,23797,1791
2814,24379,23800,1791
2815,24379,23801,1791
2816,24381,23802,1791
2817,24379,23803,1791
2818,24377,23801,1792
2819,24378,23801,1792
2820,24377,23801,1792
2821,24375,23803,1792
2822,24375,23807,1792
2823,24375,23808,1792
2824,24375,23808,1792
2825,24378,23809,1792
2826,24378,23807,1792
2827,24377,23811,1792
2828,24375,23809,1792
2829,24374,23807,1792
2830,24374,23804,1792
2831,24376,23807,1792
2832,24373,23808,1792
2833,24373,23804,1792
2834,24372,23805,1792
2835,24370,23804,1792
2836,24370,23804,1792
2837,24373,23804,1792
2838,24373,23802,1792
2839,24375,23803,1792
2840,24376,23804,1792
2841,24374,23802,1791
2842,24373,23804,1791
2843,24375,23802,1791
2844,24378,23804,1791
2845,24373,23806,1791
2846,24370,23805,1791
2847,24371,23806,1791
2848,24371,23804,1791
2849,24375,23804,1791
2850,24373,23805,1791
2851,24372,23802,1791
2852,24372,23802,1791
2853,24370,23804,1791
2854,24369,23803,1791
2855,24367,23806,1790
2856,24370,23806,1790
2857,24369,23806,1790
2858,24371,23805,1790
2859,24369,23801,1790
2860,24366,23803,1790
2861,24365,23803,1790
2862,24364,23802,1790
2863,24362,23805,1790
2864,24362,23806,1790
2865,24364,23808,1790
2866,24365,23809,1790
2867,24363,23807,1790
2868,24360,23809,1790
2869,24363,23810,1790
2870,24362,23809,1790
2871,24364,23811,1790
2872,24370,23812,1790
2873,24368,23812,1790
2874,24366,23813,1790
2875,24368,23812,1790
2876,24367,23811,1790
2877,24365,23811,1790
2878,24367,23810,1790
2879,24369,23809,1790
2880,24367,23805,1790
2881,24367,23805,1790
2882,24365,23805,1790
2883,24367,23804,1790
2884,24366,23806,1790
2885,24367,23808,1790
2886,24367,23808,1790
2887,24366,23810,1790
2888,24370,23811,1789
2889,24371,23810,1789
2890,24372,23810,1789
2891,24378,23810,1789
2892,24373,23808,1789
2893,24370,23808,1789
2894,24368,23811,1789
2895,24371,23812,1789
2896,24373,23810,1789
2897,24371,23808,1790
2898,24372,23807,1790
2899,24373,23806,1791
2900,24374,23809,1791
2901,24373,23807,1791
2902,24373,23809,1791
2903,24373,23809,1791
2904,24373,23808,1790
2905,24371,23810,1790
2906,24367,23809,1790
2907,24365,23813,1790
2908,24367,23814,1790
2909,24369,23813,1790
2910,24370,23816,1790
2911,24367,23817,1791
2912,24369,23818,1791
2913,24371,23819,1791
2914,24371,23816,1791
2915,24370,23816,1791
2916,24370,23818,1791
2917,24369,23819,1791
2918,24369,23817,1791
2919,24366,23816,1791
2920,24367,23818,1791
2921,24365,23817,1791
2922,24362,23818,1791
2923,24362,23818,1791
2924,24363,23818,1791
2925,24363,23816,1791
2926,24363,23815,1791
2927,24361,23814,1791
2928,24359,23815,1791
2929,24358,23817,1791
2930,24359,23816,1791
2931,24357,23815,1792
2932,24359,23816,1791
2933,24358,23817,1791
2934,24359,23815,1791
2935,24360,23816,1791
2936,24358,23813,1791
2937,24358,23811,1791
2938,24359,23811,1791
2939,24363,23813,1791
2940,24364,23811,1791
2941,24367,23812,1791
2942,24364,23812,1790
2943,24361,23815,1790
2944,24362,23819,1790
2945,24366,23818,1790
2946,24367,23816,1791
2947,24367,23816,1791
2948,24365,23813,1792
2949,24367,23813,1792
2950,24366,23813,1793
2951,24365,23813,1793
2952,24364,23817,1793
2953,24368,23818,1793
2954,24369,23817,1793
2955,24372,23817,1793
2956,24371,23821,1793
2957,24373,23822,1793
2958,24374,23820,1793
2959,24372,23820,1793
2960,24373,23825,1793
2961,24373,23825,1793
2962,24377,23825,1793
2963,24378,23828,1793
2964,24375,23827,1793
2965,24375,23828,1793
2966,24375,23826,1793
2967,24376,23827,1793
2968,24374,23827,1792
2969,24373,23825,1794
2970,24374,23822,1794
2971,24374,23818,1794
2972,24373,23817,1794
2973,24373,23819,1794
2974,24372,23819,1793
2975,24368,23823,1793
2976,24365,23825,1793
2977,24365,23828,1793
2978,24364,23829,1793
2979,24364,23829,1793
2980,24364,23832,1793
2981,24364,23834,1793
2982,24360,23837,1793
2983,24361,23834,1793
2984,24362,23831,1793
2985,24363,23833,1793
2986,24364,23832,1793
2987,24361,23832,1793
2988,24361,23830,1794
2989,24362,23830,1794
2990,24358,23831,1794
2991,24358,23832,1794
2992,24357,23832,1794
2993,24357,23835,1794
2994,24357,23836,1794
2995,24359,23837,1794
2996,24358,23833,1794
2997,24356,23834,1794
2998,24359,23834,1794
2999,24359,23831,1793
3000,24361,23832,1793
3001,24362,23831,1793
3002,24362,23829,1793
3003,24362,23831,1794
3004,24361,23835,1794
3005,24362,23832,1794
3006,24362,23832,1794
3007,24364,23833,1794
3008,24364,23830,1795
3009,24364,23829,1794
3010,24363,23828,1794
3011,24360,23829,1794
3012,24361,23830,1794
3013,24362,23829,1794
3014,24363,23828,1794
3015,24362,23832,1794
3016,24361,23833,1795
3017,24365,23834,1795
3018,24362,23832,1795
3019,24361,23831,1795
3020,24361,23829,1795
3021,24359,23827,1794
3022,24358,23829,1794
3023,24354,23827,1794
3024,24353,23827,1794
3025,24352,23824,1795
3026,24350,23822,1795
3027,24349,23819,1797
3028,24351,23817,1796
3029,24351,23818,1796
3030,24349,23818,1795
3031,24346,23818,1795
3032,24346,23817,1795
3033,24344,23818,1795
3034,24347,23816,1795
3035,24345,23815,1795
3036,24344,23821,1795
3037,24344,23821,1795
3038,24342,23818,1795
3039,24342,23819,1795
3040,24342,23822,1795
3041,24343,23824,1795
3042,24343,23825,1795
3043,24347,23827,1795
3044,24348,23830,1794
3045,24347,23828,1794
3046,24347,23829,1794
3047,24348,23828,1796
3048,24348,23824,1796
3049,24346,23823,1797
3050,24346,23825,1797
3051,24346,23825,1796
3052,24347,23827,1796
3053,24345,23827,1797
3054,24343,23830,1798
3055,24344,23832,1798
3056,24343,23831,1798
3057,24344,23834,1798
3058,24344,23836,1798
3059,24346,23838,1797
3060,24345,23838,1798
3061,24344,23837,1798
3062,24344,23832,1799
3063,24344,23831,1799
3064,24340,23833,1800
3065,24339,23835,1800
3066,24337,23834,1800
3067,24336,23832,1800
3068,24337,23831,1800
3069,24337,23826,1800
3070,24336,23821,1800
3071,24335,23823,1800
3072,24334,23827,1800
3073,24334,23829,1800
3074,24334,23829,1800
3075,24334,23825,1800
3076,24334,23823,1800
3077,24333,23825,1799
3078,24334,23830,1799
3079,24334,23826,1800
3080,24332,23826,1800
3081,24334,23825,1800
3082,24335,23824,1800
3083,24337,23823,1800
3084,24339,23823,1800
3085,24340,23818,1800
3086,24340,23819,1800
3087,24338,23817,1800
3088,24337,23820,1800
3089,24336,23818,1800
3090,24335,23822,1800
3091,24333,23823,1801
3092,24330,23825,1801
3093,24332,23826,1802
3094,24336,23824,1802
3095,24337,23823,1801
3096,24339,23822,1801
3097,24341,23822,1801
3098,24339,23825,1801
3099,24338,23822,1800
3100,24340,23823,1800
3101,24341,23824,1801
3102,24336,23827,1801
3103,24336,23827,1801
3104,24334,23823,1802
3105,24333,23823,1802
3106,24335,23821,1802
3107,24336,23821,1802
3108,24335,23820,1802
3109,24336,23821,1802
3110,24340,23825,1802
3111,24336,23827,1802
3112,24336,23829,1802
3113,24335,23830,1802
3114,24335,23829,1801
3115,24335,23829,1801
3116,24336,23828,1801
3117,24336,23824,1801
3118,24335,23823,1801
3119,24336,23821,1801
3120,24336,23821,1801
3121,24335,23820,1801
3122,24334,23822,1801
3123,24334,23825,1801
3124,24334,23823,1801
3125,24334,23824,1801
3126,24335,23819,1801
3127,24334,23816,1800
3128,24333,23812,1800
3129,24331,23815,1802
3130,24333,23815,1802
3131,24336,23816,1802
3132,24338,23817,1801
3133,24339,23817,1801
3134,24341,23817,1801
3135,24342,23816,1801
3136,24343,23818,1801
3137,24343,23818,1801
3138,24340,23818,1801
3139,24341,23819,1801
3140,24341,23817,1800
3141,24340,23818,1800
3142,24341,23817,1800
3143,24342,23817,1800
3144,24342,23817,1800
3145,24340,23818,1800
3146,24338,23819,1800
3147,24339,23817,1799
3148,24341,23817,1799
3149,24339,23816,1799
3150,24337,23815,1799
3151,24335,23813,1799
3152,24335,23811,1799
3153,24332,23812,1799
3154,24334,23810,1799
3155,24330,23812,1799
3156,24333,23813,1799
3157,24330,23816,1799
3158,24330,23816,1798
3159,24330,23817,1798
3160,24331,23815,1797
3161,24330,23819,1797
3162,24329,23815,1797
3163,24332,23816,1797
3164,24333,23816,1797
3165,24331,23815,1797
3166,24330,23813,1797
3167,24330,23814,1797
3168,24329,23816,1797
3169,24329,23817,1797
3170,24334,23814,1797
3171,24334,23813,1797
3172,24335,23811,1797
3173,24336,23812,1798
3174,24332,23811,1798
3175,24330,23810,1800
3176,24331,23809,1801
3177,24331,23808,1801
3178,24329,23809,1801
3179,24327,23813,1801
3180,24323,23815,1801
3181,24324,23813,1801
3182,24323,23811,1800
3183,24321,23807,1800
3184,24320,23803,1801
3185,24318,23804,1802
3186,24318,23805,1802
3187,24314,23803,1802
3188,24311,23803,1801
3189,24310,23804,1801
3190,24313,23804,1801
3191,24314,23802,1801
3192,24313,23800,1802
3193,24313,23798,1802
3194,24316,23800,1802
3195,24316,23801,1802
3196,24315,23804,1802
3197,24314,23805,1802
3198,24313,23806,1802
3199,24313,23807,1802
3200,24317,23805,1802
3201,24319,23806,1802
3202,24317,23805,1802
3203,24312,23805,1802
3204,24313,23802,1802
3205,24312,23803,1802
3206,24313,23803,1802
3207,24314,23804,1802
3208,24314,23804,1803
3209,24314,23800,1803
3210,24314,23799,1803
3211,24312,23800,1803
3212,24311,23799,1803
3213,24311,23798,1803
3214,24310,23800,1803
3215,24310,23801,1803
3216,24307,23800,1804
3217,24307,23798,1803
3218,24306,23798,1803
3219,24304,23800,1805
3220,24300,23798,1805
3221,24301,23794,1805
3222,24302,23794,1805
3223,24297,23795,1805
3224,24293,23795,1805
3225,24295,23794,1805
3226,24294,23794,1805
3227,24292,23793,1805
3228,24292,23788,1805
3229,24293,23785,1805
3230,24290,23783,1805
3231,24290,23784,1805
3232,24287,23783,1805
3233,24287,23780,1805
3234,24288,23777,1805
3235,24291,23780,1804
3236,24290,23779,1804
3237,24288,23780,1804
3238,24290,23778,1804
3239,24290,23783,1804
3240,24293,23781,1804
3241,24293,23779,1804
3242,24292,23777,1804
3243,24292,23777,1804
3244,24290,23776,1804
3245,24289,23778,1804
3246,24288,23776,1805
3247,24289,23777,1804
3248,24288,23776,1804
3249,24286,23773,1805
3250,24287,23770,1805
3251,24286,23769,1805
3252,24285,23769,1805
3253,24287,23767,1806
3254,24286,23768,1806
3255,24286,23767,1806
3256,24289,23770,1806
3257,24288,23771,1806
3258,24284,23776,1806
3259,24286,23777,1806
3260,24285,23774,1806
3261,24284,23773,1806
3262,24284,23771,1806
3263,24284,23767,1806
3264,24284,23767,1806
3265,24282,23764,1807
3266,24282,23765,1807
3267,24285,23767,1807
3268,24285,23766,1807
3269,24287,23769,1807
3270,24287,23768,1807
3271,24284,23765,1807
3272,24282,23765,1808
3273,24280,23760,1808
3274,24282,23761,1807
3275,24284,23763,1807
3276,24283,23762,1807
3277,24283,23763,1807
3278,24283,23762,1807
3279,24284,23759,1807
3280,24283,23759,1807
3281,24282,23759,1807
3282,24286,23756,1807
3283,24287,23755,1807
3284,24290,23754,1807
3285,24285,23756,1807
3286,24285,23757,1807
3287,24284,23758,1807
3288,24281,23760,1807
3289,24279,23757,1807
3290,24280,23757,1807
3291,24280,23756,1807
3292,24276,23756,1805
3293,24275,23756,1805
3294,24271,23759,1805
3295,24270,23756,1805
3296,24269,23753,1805
3297,24270,23751,1805
3298,24267,23750,1805
3299,24267,23750,1805
3300,24269,23750,1805
3301,24271,23752,1805
3302,24273,23751,1805
3303,24273,23746,1805
3304,24275,23747,1805
3305,24271,23749,1805
3306,24272,23746,1805
3307,24268,23744,1805
3308,24268,23744,1805
3309,24269,23743,1805
3310,24270,23739,1805
3311,24271,23737,1805
3312,24271,23737,1805
3313,24270,23739,1806
3314,24274,23740,1806
3315,24272,23741,1805
3316,24271,23741,1805
3317,24271,23741,1805
3318,24268,23743,1804
3319,24268,23738,1804
3320,24266,23736,1804
3321,24270,23735,1804
3322,24268,23737,1803
3323,24266,23740,1802
3324,24263,23740,1801
3325,24264,23742,1801
3326,24265,23740,1801
3327,24264,23739,1800
3328,24262,23739,1801
3329,24261,23733,1801
3330,24261,23733,1801
3331,24258,23734,1801
3332,24258,23735,1801
3333,24262,23735,1801
3334,24263,23733,1801
3335,24261,23732,1801
3336,24263,23732,1801
3337,24265,23735,1801
3338,24265,23738,1801
3339,24261,23741,1801
3340,24261,23741,1801
3341,24260,23741,1801
3342,24260,23739,1801
3343,24262,23740,1801
3344,24262,23739,1801
3345,24259,23736,1801
3346,24259,23736,1801
3347,24259,23735,1801
3348,24257,23732,1800
3349,24259,23736,1800
3350,24257,23734,1800
3351,24259,23733,1800
3352,24260,23731,1800
3353,24256,23732,1800
3354,24258,23729,1800
3355,24255,23732,1800
3356,24246,23732,1800
3357,24247,23733,1800
3358,24248,23733,1800
3359,24247,23735,1800
3360,24249,23735,1800
3361,24253,23733,1800
3362,24254,23730,1800
3363,24253,23733,1799
3364,24253,23733,1799
3365,24250,23732,1799
3366,24251,23736,1799
3367,24248,23731,1799
3368,24251,23733,1799
3369,24251,23735,1799
3370,24251,23734,1800
3371,24253,23734,1800
3372,24250,23733,1800
3373,24250,23732,1800
3374,24249,23732,1800
3375,24246,23732,1800
3376,24246,23727,1800
3377,24246,23726,1800
3378,24244,23725,1800
3379,24245,23723,1800
3380,24245,23725,1800
3381,24245,23724,1800
3382,24247,23722,1800
3383,24244,23719,1800
3384,24244,23720,1801
3385,24243,23718,1801
3386,24243,23719,1801
3387,24244,23721,1802
3388,24245,23719,1802
3389,24242,23717,1802
3390,24240,23717,1802
3391,24239,23717,1802
3392,24239,23717,1802
3393,24239,23714,1803
3394,24241,23713,1803
3395,24241,23715,1803
3396,24241,23720,1803
3397,24241,23720,1803
3398,24241,23720,1803
3399,24240,23724,1803
3400,24236,23723,1803
3401,24238,23722,1803
3402,24239,23719,1803
3403,24239,23718,1802
3404,24239,23715,1802
3405,24237,23715,1802
3406,24237,23712,1802
3407,24239,23713,1802
3408,24237,23713,1802
3409,24239,23710,1802
3410,24237,23711,1803
3411,24236,23712,1803
3412,24236,23715,1803
3413,24235,23715,1803
3414,24235,23714,1804
3415,24233,23716,1804
3416,24234,23713,1804
3417,24234,23713,1804
3418,24237,23715,1804
3419,24237,23718,1804
3420,24235,23717,1804
3421,24234,23718,1804
3422,24231,23719,1804
3423,24231,23720,1804
3424,24230,23721,1804
3425,24227,23723,1804
3426,24225,23722,1804
3427,24224,23722,1804
3428,24226,23723,1804
3429,24228,23721,1804
3430,24230,23723,1804
3431,24229,23724,1804
3432,24229,23722,1804
3433,24230,23724,1804
3434,24227,23723,1804
3435,24226,23723,1804
3436,24227,23726,1804
3437,24227,23727,1804
3438,24225,23727,1804
3439,24224,23725,1804
3440,24222,23725,1806
3441,24220,23721,1806
3442,24219,23723,1806
3443,24218,23724,1806
3444,24219,23724,1806
3445,24220,23722,1806
3446,24221,23723,1806
3447,24223,23723,1806
3448,24221,23722,1807
3449,24220,23723,1807
3450,24219,23724,1807
3451,24219,23721,1808
3452,24216,23721,1808
3453,24218,23721,1808
3454,24218,23720,1808
3455,24216,23718,1808
3456,24217,23719,1808
3457,24214,23718,1808
3458,24217,23716,1808
3459,24216,23715,1808
3460,24216,23717,1808
3461,24216,23716,1808
3462,24217,23714,1810
3463,24214,23713,1810
3464,24216,23711,1810
3465,24215,23711,1810
3466,24215,23710,1810
3467,24214,23712,1810
3468,24213,23714,1810
3469,24215,23711,1810
3470,24213,23710,1810
3471,24213,23710,1810
3472,24216,23709,1810
3473,24218,23705,1810
3474,24218,23703,1810
3475,24215,23703,1811
3476,24216,23703,1811
3477,24214,23703,1811
3478,24214,23704,1811
3479,24213,23699,1812
3480,24215,23699,1812
3481,24213,23698,1811
3482,24214,23698,1811
3483,24213,23695,1811
3484,24213,23695,1811
3485,24211,23696,1811
3486,24208,23691,1811
3487,24212,23690,1811
3488,24211,23690,1811
3489,24211,23692,1811
3490,24211,23693,1811
3491,24210,23692,1811
3492,24214,23693,1811
3493,24213,23690,1811
3494,24213,23690,1811
3495,24213,23689,1811
3496,24212,23692,1811
3497,24210,23693,1811
3498,24210,23694,1811
3499,24212,23696,1810
3500,24213,23697,1810
3501,24215,23698,1810
3502,24215,23699,1810
3503,24212,23698,1810
3504,24213,23699,1810
3505,24213,23698,1810
3506,24213,23700,1810
3507,24213,23701,1810
3508,24213,23701,1810
3509,24212,23703,1810
3510,24211,23698,1810
3511,24210,23700,1810
3512,24206,23700,1810
3513,24209,23698,1809
3514,24210,23699,1808
3515,24208,23700,1808
3516,24208,23700,1808
3517,24207,23700,1808
3518,24206,23697,1809
3519,24208,23696,1809
3520,24206,23699,1809
3521,24208,23697,1809
3522,24205,23696,1809
3523,24208,23696,1809
3524,24209,23695,1809
3525,24209,23697,1809
3526,24207,23692,1809
3527,24205,23692,1809
3528,24207,23694,1809
3529,24209,23695,1807
3530,24211,23693,1807
3531,24213,23695,1808
3532,24214,23695,1808
3533,24213,23697,1808
3534,24215,23693,1808
3535,24215,23694,1808
3536,24214,23693,1808
3537,24212,23692,1808
3538,24214,23692,1808
3539,24212,23691,1808
3540,24215,23691,1808
3541,24214,23690,1808
3542,24214,23691,1807
3543,24216,23694,1807
3544,24216,23695,1807
3545,24217,23689,1807
3546,24214,23689,1807
3547,24216,23689,1807
3548,24218,23687,1807
3549,24218,23685,1807
3550,24217,23684,1807
3551,24221,23683,1807
3552,24221,23684,1807
3553,24220,23684,1807
3554,24220,23688,1807
3555,24221,23692,1807
3556,24223,23688,1807
3557,24223,23688,1807
3558,24223,23688,1807
3559,24223,23687,1807
3560,24222,23689,1807
3561,24220,23691,1806
3562,24220,23691,1806
3563,24220,23687,1806
3564,24219,23687,1806
3565,24219,23687,1806
3566,24220,23686,1806
3567,24222,23683,1806
3568,24220,23685,1806
3569,24219,23685,1806
3570,24218,23685,1806
3571,24220,23688,1806
3572,24222,23687,1806
3573,24219,23689,1806
3574,24219,23690,1806
3575,24219,23690,1806
3576,24220,23690,1806
3577,24221,23689,1806
3578,24221,23689,1805
3579,24222,23689,1805
3580,24223,23688,1805
3581,24223,23689,1805
3582,24224,23685,1805
3583,24229,23688,1805
3584,24225,23690,1805
3585,24225,23692,1805
3586,24228,23694,1804
3587,24230,23694,1804
3588,24228,23695,1804
3589,24231,23694,1804
3590,24231,23693,1805
3591,24230,23692,1805
3592,24227,23690,1805
3593,24228,23689,1805
3594,24228,23691,1805
3595,24227,23691,1805
3596,24227,23690,1805
3597,24226,23692,1805
3598,24229,23688,1805
3599,24229,23686,1805
3600,24230,23689,1805
3601,24228,23685,1805
3602,24233,23685,1805
3603,24233,23683,1805
3604,24235,23683,1804
3605,24235,23682,1804
3606,24235,23682,1805
3607,24236,23681,1805
3608,24237,23684,1805
3609,24236,23680,1805
3610,24232,23682,1805
3611,24231,23682,1805
3612,24230,23681,1805
3613,24231,23684,1806
3614,24228,23685,1806
3615,24229,23685,1805
3616,24230,23687,1805
3617,24230,23687,1805
3618,24229,23689,1805
3619,24228,23690,1805
3620,24225,23693,1805
3621,24224,23696,1805
3622,24224,23695,1805
3623,24222,23697,1805
3624,24220,23699,1804
3625,24220,23702,1804
3626,24220,23705,1804
3627,24219,23705,1804
3628,24220,23707,1804
3629,24221,23706,1804
3630,24223,23706,1804
3631,24226,23705,1804
3632,24228,23705,1804
3633,24229,23706,1805
3634,24228,23708,1805
3635,24231,23712,1805
3636,24230,23711,1806
3637,24227,23713,1806
3638,24226,23714,1806
3639,24224,23713,1806
3640,24220,23713,1807
3641,24222,23711,1807
3642,24222,23713,1805
3643,24220,23712,1805
3644,24221,23710,1805
3645,24220,23710,1805
3646,24223,23710,1805
3647,24221,23711,1805
3648,24220,23711,1805
3649,24224,23710,1805
3650,24220,23710,1805
