DAY,FEMALE,MALE,ZOMBIE
0,25325,24987,2
1,25320,24987,4
2,25322,24989,5
3,25318,24988,5
4,25317,24988,5
5,25318,24986,7
6,25318,24987,8
7,25316,24987,11
8,25319,24986,12
9,25319,24983,13
10,25318,24986,13
11,25317,24984,14
12,25316,24984,14
13,25313,24987,15
14,25315,24987,15
15,25312,24986,15
16,25313,24987,15
17,25313,24988,16
18,25314,24988,17
19,25313,24987,19
20,25311,24982,21
21,25306,24983,23
22,25308,24989,24
23,25309,24988,24
24,25311,24983,24
25,25311,24982,25
26,25308,24983,25
27,25311,24984,25
28,25309,24981,26
29,25309,24976,29
30,25308,24977,31
31,25307,24976,32
32,25308,24978,32
33,25311,24978,32
34,25311,24977,33
35,25309,24978,33
36,25307,24979,34
37,25308,24979,35
38,25307,24979,35
39,25306,24979,37
40,25303,24979,39
41,25304,24980,39
42,25306,24980,39
43,25303,24981,42
44,25302,24978,45
45,25301,24978,48
46,25297,24979,51
47,25298,24980,52
48,25296,24981,55
49,25295,24983,56
50,25294,24984,56
51,25296,24984,58
52,25294,24984,60
53,25294,24988,62
54,25295,24989,66
55,25296,24991,67
56,25296,24991,67
57,25293,24990,69
58,25296,24987,69
59,25296,24984,70
60,25299,24985,71
61,25299,24985,73
62,25299,24985,77
63,25297,24984,81
64,25295,24986,82
65,25296,24987,83
66,25295,24988,86
67,25291,24991,88
68,25292,24989,90
69,25291,24991,90
70,25294,24990,91
71,25293,24989,93
72,25291,24990,94
73,25293,24986,97
74,25291,24983,99
75,25290,24983,104
76,25290,24980,106
77,25291,24979,107
78,25291,24976,108
79,25288,24981,111
80,25287,24981,112
81,25286,24981,114
82,25285,24982,116
83,25286,24983,117
84,25284,24983,120
85,25284,24985,120
86,25282,24985,125
87,25282,24985,126
88,25279,24986,128
89,25281,24985,129
90,25281,24985,132
91,25280,24984,134
92,25278,24981,140
93,25275,24984,144
94,25270,24987,149
95,25267,24984,153
96,25264,24979,157
97,25267,24980,158
98,25266,24980,160
99,25266,24977,161
100,25266,24972,165
101,25262,24973,169
102,25258,24972,169
103,25255,24968,174
104,25250,24970,176
105,25247,24966,181
106,25244,24967,182
107,25242,24967,183
108,25243,24965,185
109,25239,24964,188
110,25239,24966,190
111,25239,24967,193
112,25236,24964,199
113,25234,24965,200
114,25234,24962,204
115,25229,24957,213
116,25228,24956,216
117,25225,24952,222
118,25222,24952,225
119,25219,24947,231
120,25216,24946,236
121,25210,24940,242
122,25209,24940,248
123,25209,24940,253
124,25206,24938,258
125,25204,24939,259
126,25203,24940,260
127,25199,24938,265
128,25197,24935,268
129,25197,24937,271
130,25196,24935,274
131,25192,24935,278
132,25189,24932,280
133,25191,24932,281
134,25192,24933,286
135,25188,24929,292
136,25185,24923,295
137,25179,24920,303
138,25179,24916,305
139,25175,24916,308
140,25178,24916,310
141,25175,24913,314
142,25175,24910,316
143,25172,24909,319
144,25172,24907,321
145,25174,24903,326
146,25168,24904,332
147,25167,24899,337
148,25164,24894,341
149,25161,24891,343
150,25157,24892,346
151,25154,24889,351
152,25155,24890,353
153,25155,24887,358
154,25159,24888,358
155,25159,24886,367
156,25155,24880,375
157,25154,24876,383
158,25149,24871,389
159,25151,24870,393
160,25150,24867,396
161,25146,24867,401
162,25143,24867,404
163,25136,24858,412
164,25135,24852,420
165,25132,24850,425
166,25131,24848,427
167,25131,24847,430
168,25133,24845,432
169,25131,24846,436
170,25129,24845,440
171,25127,24845,446
172,25128,24844,450
173,25122,24842,454
174,25121,24838,457
175,25115,24837,461
176,25113,24837,463
177,25112,24837,464
178,25111,24839,464
179,25106,24836,472
180,25104,24837,475
181,25100,24835,482
182,25100,24837,484
183,25101,24834,487
184,25097,24833,491
185,25095,24831,496
186,25091,24827,501
187,25088,24827,506
188,25087,24829,511
189,25085,24828,514
190,25084,24829,516
191,25081,24822,521
192,25075,24822,531
193,25078,24825,533
194,25075,24828,538
195,25073,24824,541
196,25068,24823,545
197,25071,24819,550
198,25071,24819,554
199,25067,24815,562
200,25067,24812,569
201,25068,24810,573
202,25062,24809,574
203,25059,24810,580
204,25054,24810,588
205,25051,24809,592
206,25046,24809,597
207,25040,24805,604
208,25038,24807,606
209,25033,24801,614
210,25028,24799,622
211,25024,24794,630
212,25025,24793,631
213,25017,24792,638
214,25016,24782,649
215,25013,24781,653
216,25010,24780,656
217,25009,24776,660
218,25009,24775,664
219,25005,24774,670
220,25002,24773,675
221,25000,24768,682
222,24996,24766,686
223,24993,24766,689
224,24993,24762,694
225,24985,24764,705
226,24984,24766,711
227,24974,24764,722
228,24972,24761,728
229,24968,24758,737
230,24968,24756,741
231,24960,24751,748
232,24957,24748,755
233,24955,24747,761
234,24953,24744,766
235,24951,24742,773
236,24949,24739,778
237,24948,24731,789
238,24942,24727,796
239,24940,24722,803
240,24933,24718,812
241,24933,24714,821
242,24931,24712,824
243,24930,24707,832
244,24931,24700,838
245,24924,24697,847
246,24923,24692,852
247,24923,24691,857
248,24917,24689,865
249,24912,24688,871
250,24911,24686,875
251,24913,24688,878
252,24908,24685,888
253,24904,24682,897
254,24897,24674,909
255,24892,24673,915
256,24889,24667,923
257,24884,24665,932
258,24878,24661,942
259,24874,24656,947
260,24866,24651,961
261,24863,24641,974
262,24859,24631,979
263,24854,24623,992
264,24852,24621,997
265,24847,24618,1005
266,24844,24613,1012
267,24839,24609,1019
268,24838,24606,1028
269,24837,24606,1033
270,24835,24609,1040
271,24832,24603,1048
272,24826,24599,1058
273,24825,24592,1064
274,24824,24585,1072
275,24821,24581,1085
276,24821,24574,1093
277,24822,24572,1098
278,24818,24568,1106
279,24817,24560,1116
280,24811,24553,1127
281,24805,24543,1141
282,24804,24537,1147
283,24800,24526,1159
284,24794,24523,1167
285,24793,24522,1172
286,24788,24517,1181
287,24785,24513,1187
288,24781,24510,1196
289,24777,24509,1206
290,24773,24508,1212
291,24767,24504,1222
292,24761,24502,1232
293,24755,24499,1239
294,24748,24498,1246
295,24745,24492,1253
296,24744,24486,1259
297,24742,24485,1267
298,24740,24485,1270
299,24735,24483,1278
300,24733,24481,1281
301,24728,24475,1293
302,24722,24472,1306
303,24718,24466,1315
304,24721,24457,1322
305,24719,24456,1328
306,24713,24454,1336
307,24705,24454,1343
308,24699,24453,1350
309,24694,24447,1362
310,24689,24441,1374
311,24685,24444,1379
312,24677,24439,1391
313,24669,24438,1403
314,24669,24434,1406
315,24667,24431,1411
316,24659,24424,1421
317,24656,24421,1430
318,24653,24419,1439
319,24642,24413,1454
320,24633,24411,1463
321,24628,24406,1476
322,24620,24403,1490
323,24618,24396,1501
324,24615,24395,1506
325,24610,24392,1515
326,24605,24380,1530
327,24600,24379,1539
328,24595,24374,1548
329,24593,24372,1553
330,24583,24368,1568
331,24576,24362,1581
332,24569,24351,1598
333,24568,24345,1607
334,24558,24338,1621
335,24554,24338,1625
336,24545,24333,1639
337,24538,24331,1651
338,24528,24324,1661
339,24523,24322,1670
340,24519,24323,1676
341,24512,24318,1688
342,24509,24318,1693
343,24504,24317,1702
344,24499,24307,1717
345,24496,24307,1723
346,24494,24302,1730
347,24496,24299,1733
348,24494,24295,1740
349,24490,24288,1750
350,24486,24284,1756
351,24480,24280,1766
352,24474,24274,1774
353,24467,24270,1783
354,24460,24268,1795
355,24458,24266,1800
356,24454,24262,1809
357,24450,24254,1817
358,24446,24251,1820
359,24438,24246,1828
360,24435,24244,1834
361,24434,24241,1838
362,24435,24238,1842
363,24430,24232,1856
364,24428,24225,1863
365,24425,24219,1875
366,24424,24218,1875
367,24424,24218,1874
368,24426,24216,1874
369,24422,24215,1874
370,24423,24215,1874
371,24424,24214,1874
372,24426,24214,1874
373,24428,24215,1874
374,24429,24215,1874
375,24431,24216,1874
376,24431,24219,1874
377,24430,24217,1874
378,24429,24220,1874
379,24428,24219,1874
380,24428,24218,1874
381,24429,24220,1874
382,24429,24222,1874
383,24429,24223,1874
384,24433,24225,1874
385,24436,24224,1874
386,24435,24222,1874
387,24436,24222,1874
388,24436,24221,1874
389,24438,24222,1874
390,24442,24223,1874
391,24445,24223,1874
392,24445,24225,1874
393,24446,24224,1874
394,24448,24225,1874
395,24447,24227,1874
396,24451,24227,1874
397,24448,24227,1874
398,24448,24225,1874
399,24447,24227,1874
400,24452,24226,1874
401,24451,24226,1874
402,24450,24227,1874
403,24446,24226,1874
404,24446,24226,1874
405,24447,24227,1874
406,24445,24225,1874
407,24443,24229,1874
408,24450,24231,1874
409,24451,24232,1874
410,24451,24233,1874
411,24451,24235,1874
412,24448,24235,1874
413,24447,24237,1874
414,24446,24239,1874
415,24445,24239,1874
416,24444,24236,1874
417,24447,24237,1874
418,24445,24237,1874
419,24445,24237,1874
420,24443,24237,1873
421,24443,24238,1873
422,24444,24239,1873
423,24449,24241,1873
424,24448,24242,1873
425,24447,24243,1873
426,24447,24244,1873
427,24446,24245,1873
428,24446,24244,1873
429,24446,24244,1873
430,24450,24243,1873
431,24448,24246,1873
432,24450,24246,1872
433,24451,24247,1872
434,24451,24249,1872
435,24449,24245,1872
436,24447,24246,1872
437,24445,24246,1872
438,24446,24247,1872
439,24448,24246,1872
440,24448,24246,1872
441,24450,24247,1872
442,24451,24244,1872
443,24451,24244,1872
444,24453,24243,1872
445,24452,24246,1872
446,24454,24248,1872
447,24457,24249,1872
448,24454,24251,1872
449,24451,24249,1872
450,24449,24251,1872
451,24446,24249,1872
452,24448,24250,1872
453,24450,24249,1872
454,24450,24250,1872
455,24447,24249,1872
456,24447,24247,1872
457,24442,24246,1872
458,24443,24243,1872
459,24444,24242,1872
460,24443,24240,1870
461,24442,24241,1870
462,24441,24242,1870
463,24442,24240,1870
464,24439,24240,1870
465,24437,24241,1870
466,24436,24242,1870
467,24436,24241,1870
468,24436,24242,1870
469,24434,24245,1870
470,24435,24244,1870
471,24436,24245,1870
472,24437,24245,1870
473,24438,24244,1870
474,24438,24244,1870
475,24439,24241,1870
476,24441,24244,1870
477,24440,24242,1870
478,24440,24241,1870
479,24440,24240,1870
480,24441,24238,1870
481,24443,24240,1870
482,24444,24238,1870
483,24445,24238,1870
484,24443,24237,1870
485,24440,24235,1870
486,24439,24236,1869
487,24441,24238,1869
488,24438,24237,1869
489,24438,24240,1869
490,24438,24242,1869
491,24439,24242,1869
492,24436,24243,1869
493,24434,24243,1868
494,24432,24242,1868
495,24429,24245,1868
496,24429,24243,1868
497,24429,24245,1868
498,24430,24244,1868
499,24431,24247,1868
500,24433,24248,1868
501,24431,24248,1868
502,24432,24250,1868
503,24433,24251,1868
504,24432,24251,1868
505,24434,24251,1868
506,24435,24248,1868
507,24434,24248,1868
508,24435,24247,1868
509,24435,24248,1868
510,24437,24247,1868
511,24437,24248,1868
512,24436,24250,1868
513,24433,24249,1868
514,24431,24248,1868
515,24432,24250,1868
516,24434,24248,1868
517,24433,24247,1868
518,24430,24250,1868
519,24428,24251,1868
520,24427,24249,1868
521,24429,24252,1868
522,24425,24252,1868
523,24424,24255,1868
524,24427,24254,1868
525,24429,24255,1868
526,24430,24256,1868
527,24428,24258,1867
528,24430,24258,1867
529,24430,24257,1867
530,24432,24257,1867
531,24431,24259,1867
532,24432,24259,1867
533,24435,24258,1867
534,24436,24260,1867
535,24437,24264,1867
536,24437,24263,1867
537,24436,24260,1867
538,24437,24260,1867
539,24438,24259,1867
540,24439,24261,1867
541,24440,24263,1866
542,24439,24263,1866
543,24438,24262,1866
544,24439,24263,1866
545,24442,24263,1866
546,24444,24260,1866
547,24445,24258,1866
548,24447,24257,1866
549,24445,24253,1866
550,24445,24258,1866
551,24449,24260,1866
552,24446,24262,1865
553,24447,24263,1865
554,24446,24261,1865
555,24443,24262,1865
556,24445,24260,1865
557,24441,24262,1865
558,24440,24264,1865
559,24440,24267,1865
560,24440,24269,1865
561,24441,24272,1865
562,24441,24273,1865
563,24441,24273,1865
564,24440,24274,1865
565,24439,24273,1865
566,24439,24276,1865
567,24442,24276,1865
568,24443,24278,1865
569,24441,24279,1865
570,24441,24279,1865
571,24443,24280,1865
572,24441,24282,1865
573,24443,24282,1865
574,24443,24284,1865
575,24440,24285,1865
576,24442,24285,1864
577,24441,24286,1864
578,24440,24287,1864
579,24440,24284,1864
580,24442,24285,1864
581,24444,24287,1864
582,24442,24289,1864
583,24439,24292,1864
584,24438,24289,1864
585,24437,24290,1864
586,24436,24291,1864
587,24432,24288,1865
588,24434,24291,1865
589,24433,24290,1865
590,24432,24288,1865
591,24434,24287,1865
592,24433,24289,1864
593,24436,24290,1864
594,24438,24290,1864
595,24438,24289,1864
596,24439,24292,1863
597,24440,24292,1863
598,24441,24293,1863
599,24444,24293,1863
600,24442,24293,1862
601,24440,24292,1862
602,24439,24293,1862
603,24438,24292,1862
604,24438,24293,1862
605,24439,24293,1862
606,24442,24295,1862
607,24443,24295,1862
608,24444,24297,1862
609,24444,24298,1862
610,24445,24296,1862
611,24443,24294,1862
612,24443,24296,1862
613,24442,24294,1862
614,24442,24297,1862
615,24440,24296,1862
616,24437,24300,1862
617,24438,24299,1862
618,24435,24300,1862
619,24435,24302,1862
620,24437,24302,1862
621,24438,24302,1862
622,24437,24305,1862
623,24437,24305,1862
624,24437,24305,1862
625,24437,24303,1862
626,24437,24305,1862
627,24436,24300,1862
628,24438,24302,1862
629,24436,24303,1862
630,24435,24305,1862
631,24433,24303,1862
632,24435,24299,1862
633,24434,24299,1862
634,24436,24299,1862
635,24433,24300,1862
636,24431,24299,1862
637,24430,24298,1862
638,24429,24301,1861
639,24428,24301,1861
640,24432,24301,1861
641,24432,24300,1861
642,24435,24301,1860
643,24435,24302,1860
644,24437,24303,1860
645,24437,24298,1860
646,24439,24297,1860
647,24440,24299,1860
648,24440,24299,1860
649,24440,24297,1860
650,24440,24294,1860
651,24437,24293,1860
652,24438,24291,1860
653,24438,24291,1860
654,24437,24289,1860
655,24435,24291,1860
656,24437,24289,1860
657,24437,24290,1860
658,24438,24289,1860
659,24437,24292,1860
660,24435,24293,1860
661,24437,24294,1860
662,24436,24293,1860
663,24433,24293,1860
664,24433,24295,1860
665,24435,24293,1860
666,24436,24293,1860
667,24434,24290,1860
668,24436,24291,1860
669,24436,24290,1860
670,24436,24292,1860
671,24436,24292,1860
672,24435,24292,1860
673,24433,24294,1860
674,24432,24290,1860
675,24430,24290,1860
676,24430,24289,1860
677,24431,24295,1860
678,24431,24295,1860
679,24431,24296,1860
680,24433,24296,1860
681,24433,24295,1860
682,24433,24296,1860
683,24435,24293,1860
684,24435,24296,1860
685,24434,24294,1860
686,24435,24296,1860
687,24435,24295,1859
688,24432,24295,1859
689,24431,24293,1859
690,24430,24293,1859
691,24433,24292,1859
692,24432,24289,1859
693,24432,24294,1859
694,24434,24293,1859
695,24435,24293,1859
696,24435,24294,1859
697,24435,24296,1859
698,24432,24294,1859
699,24429,24293,1859
700,24428,24290,1859
701,24427,24289,1859
702,24427,24294,1859
703,24431,24297,1859
704,24429,24298,1859
705,24430,24297,1859
706,24432,24298,1859
707,24432,24300,1859
708,24433,24296,1859
709,24428,24295,1859
710,24428,24295,1859
711,24428,24294,1859
712,24427,24295,1859
713,24429,24293,1859
714,24432,24295,1859
715,24432,24294,1858
716,24432,24291,1858
717,24434,24292,1858
718,24435,24290,1858
719,24432,24289,1858
720,24431,24289,1858
721,24432,24288,1858
722,24433,24289,1858
723,24432,24288,1858
724,24433,24287,1858
725,24437,24287,1858
726,24437,24286,1858
727,24435,24284,1858
728,24434,24285,1858
729,24436,24284,1858
730,24439,24282,1858
731,24437,24282,1858
732,24438,24282,1858
733,24436,24285,1858
734,24437,24287,1857
735,24440,24287,1857
736,24441,24284,1857
737,24442,24285,1857
738,24443,24285,1857
739,24444,24288,1857
740,24439,24288,1858
741,24440,24289,1858
742,24434,24292,1858
743,24431,24290,1858
744,24432,24290,1858
745,24428,24291,1858
746,24429,24292,1858
747,24429,24291,1858
748,24429,24289,1858
749,24434,24288,1858
750,24435,24289,1858
751,24433,24283,1858
752,24432,24283,1858
753,24431,24283,1858
754,24431,24284,1858
755,24430,24284,1858
756,24431,24284,1858
757,24430,24284,1857
758,24429,24286,1857
759,24429,24289,1857
760,24427,24287,1857
761,24426,24287,1857
762,24426,24291,1857
763,24431,24293,1856
764,24433,24291,1856
765,24434,24292,1856
766,24435,24293,1856
767,24435,24295,1856
768,24431,24295,1856
769,24433,24295,1856
770,24431,24292,1856
771,24431,24288,1856
772,24432,24286,1856
773,24433,24288,1856
774,24432,24285,1856
775,24429,24284,1856
776,24429,24285,1856
777,24430,24287,1855
778,24431,24290,1854
779,24432,24289,1854
780,24435,24289,1854
781,24438,24290,1854
782,24438,24292,1854
783,24440,24293,1854
784,24442,24293,1854
785,24441,24295,1854
786,24438,24296,1854
787,24438,24296,1854
788,24438,24296,1854
789,24437,24295,1854
790,24439,24294,1853
791,24442,24294,1853
792,24444,24293,1853
793,24446,24296,1853
794,24446,24296,1853
795,24446,24292,1852
796,24449,24295,1852
797,24449,24297,1852
798,24449,24295,1851
799,24450,24295,1851
800,24452,24294,1851
801,24450,24293,1851
802,24449,24292,1851
803,24448,24289,1851
804,24447,24293,1850
805,24448,24294,1850
806,24449,24294,1850
807,24448,24294,1850
808,24449,24293,1850
809,24449,24294,1850
810,24447,24295,1850
811,24443,24294,1849
812,24444,24292,1849
813,24443,24293,1849
814,24446,24291,1849
815,24447,24291,1848
816,24445,24290,1848
817,24443,24289,1848
818,24446,24288,1848
819,24447,24287,1848
820,24444,24288,1848
821,24445,24288,1848
822,24447,24287,1848
823,24449,24286,1848
824,24448,24287,1848
825,24447,24286,1849
826,24449,24288,1849
827,24448,24288,1849
828,24450,24290,1848
829,24452,24291,1848
830,24453,24289,1848
831,24453,24289,1848
832,24451,24284,1848
833,24451,24284,1848
834,24450,24282,1848
835,24448,24283,1848
836,24445,24285,1848
837,24445,24284,1848
838,24449,24284,1848
839,24450,24284,1848
840,24451,24283,1848
841,24450,24282,1848
842,24451,24281,1848
843,24454,24281,1848
844,24455,24280,1848
845,24456,24281,1848
846,24457,24281,1848
847,24458,24281,1848
848,24460,24282,1848
849,24459,24281,1848
850,24460,24281,1848
851,24460,24284,1848
852,24459,24284,1848
853,24460,24282,1848
854,24460,24283,1848
855,24461,24281,1847
856,24461,24280,1847
857,24460,24281,1847
858,24460,24282,1847
859,24456,24283,1847
860,24457,24280,1847
861,24459,24279,1847
862,24459,24281,1847
863,24457,24281,1847
864,24457,24282,1847
865,24458,24283,1847
866,24460,24282,1846
867,24457,24281,1846
868,24455,24281,1846
869,24452,24281,1846
870,24453,24284,1846
871,24453,24282,1846
872,24451,24280,1845
873,24452,24280,1844
874,24453,24281,1844
875,24449,24281,1844
876,24448,24278,1844
877,24445,24277,1844
878,24445,24277,1844
879,24448,24275,1844
880,24448,24276,1844
881,24448,24278,1844
882,24447,24279,1844
883,24448,24283,1844
884,24449,24284,1844
885,24446,24285,1844
886,24445,24288,1844
887,24446,24286,1844
888,24445,24284,1844
889,24446,24284,1844
890,24445,24283,1844
891,24447,24283,1844
892,24447,24286,1844
893,24448,24286,1844
894,24448,24285,1844
895,24447,24285,1844
896,24447,24285,1844
897,24450,24287,1844
898,24453,24288,1844
899,24456,24290,1844
900,24455,24291,1844
901,24461,24290,1844
902,24463,24289,1844
903,24464,24290,1844
904,24462,24289,1844
905,24459,24288,1843
906,24458,24290,1843
907,24457,24291,1843
908,24456,24291,1843
909,24454,24292,1843
910,24456,24290,1843
911,24456,24288,1843
912,24456,24285,1843
913,24454,24279,1843
914,24454,24277,1843
915,24454,24277,1843
916,24458,24277,1843
917,24453,24275,1843
918,24451,24276,1843
919,24452,24278,1843
920,24452,24275,1843
921,24453,24275,1843
922,24455,24276,1843
923,24454,24274,1843
924,24454,24275,1843
925,24457,24271,1843
926,24458,24267,1843
927,24458,24263,1843
928,24457,24264,1843
929,24459,24262,1842
930,24461,24262,1842
931,24461,24258,1841
932,24462,24257,1841
933,24460,24256,1841
934,24460,24260,1841
935,24459,24263,1840
936,24457,24262,1840
937,24457,24265,1840
938,24460,24265,1840
939,24461,24265,1840
940,24461,24264,1840
941,24460,24264,1840
942,24459,24264,1840
943,24459,24263,1840
944,24460,24258,1839
945,24461,24258,1838
946,24462,24256,1838
947,24463,24254,1838
948,24463,24255,1838
949,24463,24261,1838
950,24462,24264,1838
951,24465,24265,1838
952,24464,24266,1838
953,24465,24268,1838
954,24463,24271,1838
955,24463,24272,1837
956,24463,24277,1837
957,24464,24279,1837
958,24464,24281,1837
959,24464,24281,1837
960,24463,24280,1837
961,24465,24278,1836
962,24467,24280,1836
963,24467,24283,1835
964,24465,24282,1835
965,24464,24282,1835
966,24463,24282,1835
967,24460,24281,1835
968,24461,24283,1835
969,24459,24282,1835
970,24454,24285,1835
971,24455,24286,1835
972,24454,24285,1835
973,24454,24282,1835
974,24452,24281,1835
975,24451,24282,1835
976,24449,24285,1835
977,24449,24282,1835
978,24451,24285,1835
979,24453,24287,1835
980,24454,24286,1835
981,24456,24286,1835
982,24455,24288,1835
983,24454,24289,1835
984,24454,24291,1835
985,24457,24291,1835
986,24456,24292,1835
987,24457,24292,1835
988,24458,24293,1835
989,24461,24292,1835
990,24462,24291,1835
991,24460,24288,1835
992,24460,24290,1835
993,24461,24288,1835
994,24463,24286,1835
995,24459,24286,1835
996,24457,24288,1834
997,24457,24287,1834
998,24463,24287,1834
999,24463,24287,1834
1000,24463,24288,1834
1001,24463,24282,1834
1002,24461,24284,1834
1003,24460,24283,1834
1004,24456,24282,1834
1005,24455,24281,1834
1006,24453,24282,1833
1007,24450,24280,1833
1008,24449,24283,1833
1009,24450,24282,1833
1010,24451,24279,1833
1011,24450,24280,1833
1012,24449,24279,1833
1013,24445,24279,1833
1014,24445,24278,1833
1015,24446,24277,1833
1016,24446,24277,1833
1017,24448,24274,1833
1018,24446,24275,1833
1019,24447,24271,1833
1020,24447,24268,1833
1021,24452,24267,1833
1022,24453,24268,1833
1023,24454,24268,1833
1024,24455,24268,1833
1025,24455,24268,1833
1026,24457,24267,1833
1027,24456,24267,1833
1028,24452,24269,1833
1029,24449,24269,1833
1030,24449,24269,1832
1031,24448,24268,1832
1032,24445,24268,1832
1033,24447,24268,1832
1034,24447,24270,1832
1035,24449,24271,1832
1036,24452,24268,1832
1037,24452,24267,1832
1038,24450,24268,1832
1039,24452,24267,1832
1040,24450,24268,1832
1041,24449,24268,1832
1042,24447,24268,1832
1043,24447,24271,1832
1044,24445,24268,1832
1045,24447,24270,1832
1046,24445,24273,1832
1047,24446,24274,1832
1048,24446,24275,1831
1049,24447,24273,1831
1050,24448,24269,1831
1051,24448,24266,1831
1052,24446,24268,1831
1053,24446,24269,1831
1054,24450,24267,1831
1055,24450,24265,1831
1056,24449,24266,1831
1057,24451,24268,1831
1058,24451,24269,1831
1059,24453,24271,1831
1060,24452,24271,1830
1061,24451,24271,1830
1062,24448,24271,1830
1063,24448,24271,1830
1064,24448,24272,1830
1065,24446,24274,1830
1066,24446,24272,1830
1067,24447,24275,1830
1068,24445,24278,1830
1069,24443,24277,1830
1070,24442,24275,1830
1071,24441,24275,1830
1072,24440,24274,1830
1073,24437,24276,1830
1074,24438,24274,1830
1075,24438,24275,1830
1076,24438,24274,1830
1077,24438,24274,1830
1078,24437,24274,1830
1079,24437,24275,1830
1080,24438,24273,1830
1081,24441,24273,1830
1082,24441,24271,1830
1083,24441,24271,1831
1084,24435,24270,1831
1085,24435,24272,1831
1086,24436,24271,1831
1087,24434,24270,1831
1088,24433,24269,1831
1089,24432,24268,1831
1090,24434,24267,1831
1091,24435,24267,1831
1092,24437,24268,1831
1093,24440,24268,1831
1094,24440,24266,1831
1095,24440,24264,1831
1096,24439,24264,1831
1097,24438,24268,1831
1098,24436,24267,1831
1099,24434,24267,1831
1100,24438,24268,1831
1101,24435,24268,1831
1102,24436,24264,1831
1103,24435,24263,1832
1104,24433,24262,1832
1105,24433,24264,1832
1106,24433,24264,1832
1107,24434,24263,1832
1108,24434,24263,1832
1109,24431,24260,1832
1110,24433,24257,1832
1111,24434,24256,1832
1112,24436,24256,1832
1113,24437,24258,1832
1114,24436,24258,1832
1115,24435,24260,1832
1116,24434,24260,1832
1117,24437,24262,1831
1118,24441,24263,1831
1119,24441,24266,1831
1120,24440,24270,1831
1121,24441,24272,1831
1122,24442,24274,1831
1123,24443,24275,1831
1124,24443,24275,1831
1125,24445,24277,1831
1126,24447,24277,1831
1127,24444,24277,1831
1128,24446,24274,1831
1129,24447,24275,1831
1130,24448,24277,1831
1131,24449,24279,1831
1132,24448,24278,1831
1133,24448,24280,1831
1134,24450,24281,1831
1135,24452,24282,1831
1136,24451,24284,1831
1137,24450,24283,1831
1138,24452,24283,1831
1139,24454,24285,1831
1140,24455,24285,1831
1141,24456,24283,1831
1142,24457,24284,1831
1143,24458,24282,1831
1144,24457,24282,1831
1145,24455,24282,1831
1146,24454,24282,1831
1147,24455,24282,1831
1148,24457,24285,1831
1149,24456,24283,1831
1150,24461,24285,1831
1151,24458,24284,1831
1152,24458,24287,1831
1153,24459,24288,1831
1154,24459,24289,1831
1155,24460,24293,1831
1156,24458,24292,1831
1157,24458,24293,1831
1158,24458,24297,1831
1159,24456,24298,1830
1160,24459,24298,1830
1161,24457,24300,1830
1162,24456,24301,1830
1163,24456,24304,1830
1164,24456,24306,1830
1165,24454,24302,1830
1166,24454,24302,1830
1167,24454,24300,1830
1168,24456,24299,1830
1169,24457,24302,1830
1170,24456,24301,1830
1171,24457,24302,1830
1172,24456,24305,1830
1173,24456,24303,1829
1174,24454,24302,1829
1175,24452,24300,1829
1176,24452,24301,1829
1177,24454,24300,1829
1178,24454,24303,1829
1179,24452,24305,1829
1180,24453,24308,1829
1181,24452,24307,1828
1182,24451,24309,1828
1183,24451,24309,1828
1184,24449,24309,1828
1185,24450,24310,1828
1186,24448,24308,1828
1187,24448,24307,1828
1188,24449,24305,1828
1189,24451,24306,1828
1190,24452,24306,1828
1191,24452,24307,1828
1192,24452,24304,1828
1193,24450,24304,1828
1194,24452,24300,1828
1195,24450,24304,1828
1196,24450,24301,1828
1197,24451,24301,1828
1198,24448,24302,1828
1199,24449,24303,1828
1200,24452,24303,1828
1201,24453,24303,1828
1202,24450,24303,1828
1203,24449,24301,1828
1204,24446,24298,1828
1205,24446,24301,1828
1206,24447,24301,1828
1207,24446,24299,1828
1208,24447,24298,1828
1209,24448,24298,1828
1210,24447,24297,1828
1211,24448,24295,1828
1212,24447,24295,1828
1213,24448,24297,1828
1214,24447,24297,1828
1215,24444,24297,1828
1216,24443,24297,1828
1217,24443,24298,1828
1218,24441,24300,1828
1219,24443,24303,1828
1220,24443,24301,1828
1221,24444,24301,1828
1222,24443,24300,1827
1223,24439,24297,1827
1224,24439,24296,1827
1225,24436,24295,1827
1226,24435,24295,1827
1227,24435,24295,1827
1228,24436,24295,1827
1229,24440,24295,1827
1230,24435,24295,1827
1231,24433,24294,1827
1232,24432,24295,1827
1233,24430,24290,1827
1234,24430,24285,1827
1235,24430,24288,1828
1236,24428,24285,1828
1237,24426,24285,1828
1238,24427,24287,1828
1239,24423,24286,1828
1240,24427,24286,1828
1241,24428,24285,1828
1242,24428,24288,1828
1243,24429,24287,1828
1244,24428,24286,1828
1245,24430,24288,1828
1246,24430,24287,1828
1247,24433,24288,1828
1248,24431,24290,1828
1249,24430,24289,1828
1250,24432,24290,1828
1251,24433,24290,1828
1252,24431,24288,1828
1253,24432,24290,1828
1254,24434,24288,1828
1255,24433,24286,1828
1256,24433,24285,1828
1257,24432,24283,1828
1258,24431,24284,1828
1259,24431,24284,1828
1260,24432,24284,1828
1261,24432,24285,1828
1262,24434,24285,1828
1263,24440,24282,1828
1264,24440,24278,1828
1265,24444,24277,1828
1266,24446,24275,1828
1267,24447,24280,1828
1268,24444,24284,1828
1269,24447,24285,1828
1270,24443,24285,1828
1271,24444,24284,1828
1272,24444,24283,1828
1273,24445,24282,1828
1274,24446,24281,1828
1275,24447,24279,1828
1276,24446,24279,1828
1277,24448,24279,1828
1278,24449,24280,1828
1279,24447,24282,1828
1280,24448,24285,1828
1281,24448,24281,1828
1282,24448,24281,1828
1283,24448,24284,1828
1284,24452,24283,1828
1285,24452,24281,1828
1286,24453,24281,1828
1287,24454,24280,1828
1288,24454,24281,1828
1289,24454,24279,1828
1290,24454,24280,1828
1291,24453,24277,1828
1292,24452,24278,1828
1293,24450,24274,1828
1294,24449,24273,1827
1295,24447,24272,1827
1296,24446,24270,1827
1297,24447,24271,1827
1298,24445,24272,1827
1299,24448,24270,1827
1300,24447,24267,1827
1301,24447,24265,1827
1302,24448,24266,1827
1303,24446,24263,1826
1304,24446,24264,1826
1305,24446,24265,1826
1306,24444,24264,1826
1307,24444,24262,1826
1308,24444,24262,1826
1309,24445,24263,1826
1310,24443,24265,1826
1311,24444,24265,1826
1312,24446,24265,1826
1313,24445,24267,1826
1314,24445,24263,1826
1315,24445,24263,1826
1316,24448,24264,1826
1317,24451,24263,1825
1318,24451,24263,1825
1319,24451,24264,1825
1320,24452,24266,1825
1321,24451,24265,1825
1322,24452,24266,1825
1323,24451,24266,1825
1324,24452,24267,1825
1325,24455,24268,1825
1326,24455,24269,1825
1327,24455,24267,1825
1328,24455,24268,1825
1329,24455,24268,1825
1330,24453,24266,1825
1331,24453,24264,1825
1332,24459,24265,1825
1333,24459,24264,1825
1334,24457,24265,1825
1335,24456,24264,1824
1336,24458,24259,1824
1337,24460,24258,1824
1338,24453,24254,1824
1339,24456,24257,1824
1340,24453,24256,1824
1341,24455,24256,1823
1342,24456,24258,1823
1343,24456,24258,1823
1344,24454,24254,1823
1345,24451,24253,1823
1346,24453,24253,1823
1347,24451,24253,1823
1348,24449,24249,1822
1349,24449,24249,1822
1350,24450,24249,1822
1351,24450,24247,1822
1352,24450,24249,1822
1353,24452,24253,1822
1354,24447,24252,1822
1355,24445,24253,1822
1356,24443,24253,1822
1357,24444,24253,1822
1358,24445,24252,1822
1359,24444,24252,1822
1360,24444,24250,1822
1361,24445,24248,1822
1362,24446,24247,1822
1363,24445,24245,1822
1364,24443,24239,1822
1365,24442,24238,1822
1366,24442,24236,1822
1367,24442,24234,1822
1368,24442,24234,1822
1369,24444,24233,1821
1370,24444,24231,1821
1371,24447,24231,1821
1372,24446,24230,1821
1373,24447,24229,1821
1374,24448,24226,1821
1375,24447,24230,1821
1376,24448,24231,1821
1377,24450,24234,1821
1378,24450,24234,1821
1379,24447,24233,1820
1380,24446,24234,1820
1381,24445,24235,1820
1382,24446,24236,1820
1383,24445,24230,1820
1384,24444,24228,1820
1385,24442,24231,1820
1386,24443,24231,1820
1387,24446,24232,1820
1388,24447,24231,1820
1389,24447,24231,1820
1390,24447,24231,1820
1391,24446,24227,1820
1392,24447,24227,1820
1393,24444,24229,1820
1394,24442,24228,1819
1395,24439,24228,1819
1396,24437,24229,1819
1397,24436,24228,1819
1398,24435,24229,1819
1399,24435,24227,1819
1400,24435,24227,1819
1401,24435,24228,1819
1402,24436,24228,1819
1403,24436,24227,1819
1404,24439,24228,1819
1405,24440,24227,1819
1406,24441,24228,1819
1407,24443,24225,1819
1408,24441,24225,1819
1409,24441,24223,1819
1410,24442,24225,1819
1411,24443,24226,1819
1412,24445,24226,1819
1413,24445,24227,1819
1414,24444,24227,1819
1415,24443,24227,1819
1416,24442,24225,1819
1417,24439,24223,1819
1418,24438,24222,1819
1419,24440,24223,1819
1420,24439,24224,1819
1421,24441,24225,1819
1422,24443,24227,1819
1423,24442,24227,1817
1424,24443,24227,1817
1425,24444,24227,1817
1426,24444,24225,1817
1427,24446,24224,1817
1428,24444,24225,1817
1429,24445,24225,1817
1430,24445,24225,1817
1431,24445,24226,1817
1432,24445,24226,1817
1433,24447,24231,1817
1434,24445,24233,1817
1435,24439,24232,1817
1436,24440,24230,1817
1437,24443,24231,1817
1438,24443,24233,1817
1439,24444,24233,1816
1440,24445,24235,1816
1441,24446,24236,1816
1442,24444,24236,1816
1443,24443,24234,1816
1444,24441,24234,1816
1445,24441,24235,1816
1446,24441,24236,1816
1447,24445,24239,1816
1448,24446,24246,1816
1449,24447,24249,1816
1450,24447,24246,1816
1451,24448,24247,1816
1452,24446,24250,1816
1453,24444,24247,1816
1454,24445,24246,1816
1455,24445,24249,1816
1456,24443,24248,1816
1457,24442,24248,1816
1458,24443,24248,1816
1459,24439,24246,1816
1460,24437,24250,1816
1461,24438,24249,1816
1462,24436,24249,1816
1463,24435,24251,1816
1464,24436,24251,1816
1465,24438,24250,1815
1466,24435,24248,1815
1467,24433,24241,1814
1468,24430,24237,1814
1469,24427,24233,1814
1470,24429,24235,1814
1471,24426,24234,1814
1472,24423,24234,1814
1473,24422,24234,1814
1474,24422,24234,1813
1475,24425,24235,1813
1476,24424,24237,1813
1477,24422,24239,1813
1478,24422,24240,1813
1479,24423,24241,1813
1480,24422,24242,1813
1481,24422,24242,1813
1482,24421,24242,1813
1483,24419,24242,1813
1484,24418,24242,1813
1485,24416,24239,1813
1486,24415,24237,1813
1487,24414,24239,1813
1488,24416,24236,1813
1489,24414,24237,1813
1490,24417,24239,1813
1491,24415,24240,1813
1492,24418,24239,1813
1493,24414,24237,1812
1494,24414,24236,1812
1495,24416,24235,1812
1496,24419,24235,1812
1497,24415,24234,1812
1498,24416,24238,1812
1499,24416,24238,1812
1500,24415,24235,1812
1501,24416,24236,1812
1502,24413,24236,1812
1503,24415,24235,1812
1504,24413,24234,1812
1505,24410,24236,1812
1506,24410,24238,1812
1507,24412,24238,1812
1508,24414,24238,1812
1509,24415,24239,1811
1510,24417,24242,1811
1511,24419,24239,1811
1512,24420,24240,1811
1513,24418,24241,1810
1514,24419,24241,1810
1515,24418,24240,1810
1516,24420,24240,1810
1517,24421,24241,1810
1518,24422,24243,1810
1519,24423,24243,1810
1520,24423,24240,1810
1521,24424,24242,1810
1522,24422,24243,1810
1523,24421,24238,1810
1524,24420,24239,1810
1525,24420,24240,1809
1526,24418,24241,1808
1527,24414,24243,1808
1528,24414,24240,1807
1529,24414,24241,1807
1530,24415,24243,1807
1531,24411,24243,1807
1532,24411,24242,1807
1533,24409,24243,1807
1534,24410,24244,1807
1535,24411,24243,1807
1536,24411,24242,1807
1537,24410,24241,1807
1538,24411,24240,1807
1539,24409,24238,1807
1540,24412,24238,1807
1541,24412,24240,1807
1542,24411,24242,1807
1543,24414,24242,1807
1544,24413,24241,1807
1545,24413,24242,1807
1546,24411,24241,1807
1547,24409,24242,1807
1548,24407,24239,1807
1549,24408,24240,1807
1550,24409,24236,1807
1551,24407,24235,1807
1552,24404,24234,1807
1553,24401,24229,1807
1554,24400,24229,1807
1555,24400,24225,1807
1556,24402,24227,1807
1557,24401,24225,1807
1558,24404,24225,1806
1559,24401,24225,1804
1560,24400,24225,1804
1561,24400,24222,1803
1562,24401,24224,1803
1563,24397,24223,1803
1564,24396,24222,1803
1565,24396,24221,1803
1566,24397,24221,1803
1567,24398,24223,1803
1568,24395,24226,1803
1569,24391,24226,1803
1570,24389,24224,1803
1571,24389,24223,1803
1572,24391,24227,1803
1573,24392,24226,1803
1574,24395,24229,1803
1575,24395,24227,1803
1576,24394,24230,1803
1577,24394,24232,1803
1578,24393,24231,1803
1579,24392,24232,1803
1580,24392,24232,1803
1581,24390,24233,1803
1582,24389,24232,1803
1583,24387,24232,1803
1584,24385,24232,1803
1585,24381,24234,1803
1586,24386,24235,1803
1587,24385,24231,1803
1588,24386,24231,1803
1589,24389,24232,1803
1590,24390,24232,1803
1591,24388,24229,1803
1592,24388,24227,1803
1593,24387,24225,1803
1594,24386,24227,1803
1595,24386,24227,1803
1596,24383,24226,1803
1597,24386,24227,1803
1598,24385,24224,1803
1599,24387,24224,1803
1600,24386,24222,1803
1601,24386,24224,1803
1602,24386,24225,1803
1603,24387,24226,1803
1604,24386,24228,1803
1605,24386,24228,1803
1606,24386,24224,1803
1607,24380,24228,1803
1608,24378,24230,1803
1609,24378,24230,1803
1610,24376,24230,1803
1611,24377,24231,1803
1612,24373,24232,1803
1613,24371,24232,1803
1614,24374,24232,1803
1615,24375,24235,1803
1616,24373,24232,1803
1617,24372,24231,1802
1618,24372,24233,1802
1619,24376,24235,1802
1620,24376,24232,1802
1621,24376,24232,1802
1622,24376,24231,1802
1623,24375,24235,1802
1624,24377,24234,1802
1625,24378,24230,1802
1626,24378,24232,1802
1627,24374,24232,1801
1628,24376,24231,1801
1629,24376,24232,1801
1630,24378,24232,1801
1631,24378,24232,1801
1632,24379,24232,1801
1633,24379,24233,1801
1634,24380,24234,1801
1635,24382,24235,1801
1636,24385,24238,1800
1637,24386,24238,1800
1638,24386,24242,1800
1639,24389,24245,1800
1640,24389,24247,1799
1641,24389,24247,1799
1642,24391,24246,1799
1643,24391,24246,1799
1644,24391,24245,1799
1645,24390,24247,1799
1646,24390,24251,1799
1647,24390,24251,1799
1648,24388,24250,1799
1649,24385,24249,1799
1650,24384,24247,1799
1651,24383,24244,1799
1652,24383,24246,1799
1653,24380,24247,1799
1654,24380,24249,1799
1655,24380,24248,1799
1656,24380,24247,1799
1657,24377,24247,1799
1658,24373,24245,1799
1659,24372,24247,1799
1660,24369,24246,1799
1661,24368,24245,1799
1662,24365,24246,1799
1663,24366,24246,1799
1664,24363,24242,1799
1665,24363,24241,1799
1666,24361,24242,1799
1667,24361,24241,1799
1668,24361,24239,1799
1669,24360,24240,1799
1670,24358,24245,1799
1671,24360,24249,1799
1672,24361,24249,1799
1673,24363,24249,1799
1674,24360,24248,1798
1675,24362,24249,1798
1676,24360,24248,1798
1677,24356,24249,1798
1678,24355,24250,1798
1679,24354,24252,1798
1680,24351,24250,1797
1681,24349,24250,1797
1682,24347,24249,1797
1683,24348,24249,1797
1684,24350,24249,1797
1685,24349,24247,1797
1686,24347,24248,1797
1687,24349,24251,1797
1688,24349,24252,1797
1689,24350,24255,1796
1690,24351,24252,1796
1691,24350,24252,1796
1692,24351,24253,1796
1693,24350,24253,1795
1694,24347,24253,1795
1695,24351,24252,1794
1696,24349,24250,1794
1697,24351,24248,1794
1698,24351,24245,1794
1699,24350,24244,1794
1700,24350,24244,1794
1701,24346,24245,1794
1702,24345,24248,1794
1703,24347,24248,1794
1704,24340,24246,1794
1705,24339,24243,1793
1706,24339,24243,1793
1707,24338,24245,1793
1708,24335,24246,1793
1709,24332,24247,1793
1710,24328,24246,1793
1711,24330,24246,1793
1712,24330,24248,1793
1713,24329,24246,1793
1714,24327,24245,1793
1715,24326,24246,1793
1716,24322,24247,1793
1717,24324,24244,1792
1718,24323,24242,1792
1719,24325,24241,1792
1720,24323,24239,1792
1721,24321,24243,1792
1722,24318,24240,1792
1723,24317,24240,1792
1724,24316,24241,1792
1725,24312,24241,1792
1726,24314,24240,1792
1727,24315,24238,1791
1728,24314,24235,1791
1729,24314,24235,1791
1730,24313,24235,1791
1731,24314,24235,1791
1732,24314,24234,1791
1733,24317,24234,1791
1734,24317,24234,1791
1735,24317,24233,1791
1736,24318,24235,1791
1737,24318,24238,1791
1738,24319,24235,1791
1739,24320,24233,1791
1740,24320,24232,1791
1741,24320,24238,1791
1742,24321,24237,1791
1743,24317,24236,1791
1744,24318,24234,1791
1745,24319,24233,1791
1746,24317,24234,1791
1747,24314,24235,1791
1748,24313,24235,1791
1749,24310,24236,1791
1750,24308,24234,1791
1751,24307,24234,1791
1752,24306,24234,1791
1753,24305,24240,1791
1754,24305,24239,1790
1755,24305,24238,1789
1756,24303,24237,1789
1757,24303,24235,1789
1758,24305,24238,1789
1759,24301,24239,1789
1760,24302,24237,1789
1761,24300,24236,1789
1762,24301,24242,1789
1763,24302,24241,1789
1764,24299,24241,1789
1765,24300,24241,1789
1766,24302,24242,1788
1767,24300,24244,1788
1768,24298,24248,1788
1769,24294,24249,1788
1770,24293,24251,1788
1771,24295,24248,1788
1772,24297,24251,1788
1773,24297,24252,1788
1774,24294,24253,1788
1775,24295,24253,1788
1776,24291,24253,1788
1777,24290,24252,1788
1778,24292,24252,1788
1779,24291,24255,1788
1780,24291,24254,1788
1781,24288,24255,1788
1782,24286,24254,1788
1783,24285,24250,1788
1784,24285,24249,1788
1785,24284,24248,1788
1786,24286,24250,1788
1787,24285,24250,1788
1788,24285,24249,1787
1789,24286,24248,1786
1790,24285,24250,1786
1791,24284,24252,1786
1792,24283,24254,1786
1793,24285,24255,1786
1794,24288,24254,1786
1795,24291,24257,1786
1796,24291,24258,1786
1797,24294,24261,1786
1798,24292,24260,1786
1799,24292,24262,1786
1800,24294,24261,1786
1801,24293,24258,1786
1802,24292,24260,1786
1803,24297,24263,1786
1804,24299,24263,1786
1805,24301,24261,1786
1806,24304,24263,1786
1807,24307,24265,1786
1808,24306,24265,1786
1809,24304,24263,1786
1810,24305,24265,1785
1811,24306,24264,1785
1812,24307,24267,1785
1813,24307,24268,1784
1814,24304,24267,1784
1815,24304,24265,1784
1816,24304,24264,1784
1817,24303,24267,1784
1818,24302,24268,1784
1819,24305,24268,1784
1820,24306,24266,1784
1821,24308,24267,1784
1822,24305,24267,1784
1823,24306,24267,1784
1824,24305,24266,1784
1825,24305,24265,1784
1826,24302,24264,1784
1827,24301,24265,1784
1828,24297,24264,1784
1829,24295,24261,1784
1830,24296,24264,1784
1831,24295,24264,1784
1832,24297,24264,1784
1833,24294,24264,1784
1834,24294,24263,1784
1835,24292,24266,1784
1836,24293,24266,1784
1837,24290,24267,1784
1838,24291,24267,1784
1839,24294,24269,1784
1840,24294,24269,1784
1841,24291,24268,1784
1842,24290,24266,1784
1843,24290,24267,1784
1844,24288,24266,1784
1845,24285,24266,1784
1846,24284,24263,1783
1847,24284,24263,1783
1848,24283,24262,1783
1849,24282,24262,1783
1850,24283,24264,1783
1851,24283,24262,1783
1852,24282,24262,1783
1853,24285,24261,1783
1854,24285,24264,1783
1855,24283,24262,1783
1856,24282,24265,1783
1857,24282,24266,1783
1858,24282,24264,1783
1859,24285,24266,1783
1860,24284,24265,1783
1861,24283,24263,1782
1862,24281,24265,1782
1863,24281,24263,1782
1864,24277,24265,1782
1865,24278,24268,1782
1866,24279,24268,1782
1867,24279,24269,1782
1868,24277,24270,1782
1869,24275,24273,1782
1870,24275,24270,1782
1871,24278,24271,1782
1872,24280,24270,1782
1873,24280,24272,1782
1874,24282,24271,1782
1875,24283,24271,1782
1876,24283,24266,1782
1877,24283,24266,1782
1878,24284,24263,1782
1879,24282,24263,1782
1880,24281,24266,1782
1881,24280,24270,1782
1882,24283,24272,1782
1883,24284,24271,1782
1884,24284,24269,1782
1885,24283,24269,1782
1886,24283,24270,1782
1887,24282,24272,1782
1888,24285,24274,1782
1889,24283,24272,1781
1890,24282,24270,1781
1891,24285,24269,1781
1892,24286,24270,1781
1893,24287,24270,1781
1894,24284,24271,1781
1895,24283,24270,1781
1896,24283,24269,1781
1897,24280,24268,1781
1898,24281,24270,1781
1899,24280,24270,1781
1900,24279,24273,1781
1901,24282,24272,1781
1902,24283,24271,1781
1903,24281,24271,1781
1904,24282,24269,1781
1905,24282,24269,1781
1906,24280,24267,1781
1907,24281,24268,1781
1908,24282,24272,1781
1909,24282,24273,1780
1910,24282,24275,1780
1911,24282,24276,1780
1912,24282,24276,1780
1913,24279,24274,1780
1914,24277,24274,1780
1915,24275,24274,1780
1916,24272,24271,1780
1917,24273,24271,1780
1918,24273,24272,1780
1919,24274,24269,1780
1920,24274,24270,1779
1921,24273,24271,1779
1922,24273,24273,1779
1923,24273,24276,1778
1924,24272,24277,1778
1925,24270,24279,1778
1926,24270,24280,1778
1927,24268,24281,1778
1928,24266,24282,1778
1929,24260,24283,1778
1930,24256,24285,1778
1931,24255,24286,1778
1932,24255,24288,1778
1933,24256,24288,1778
1934,24257,24288,1778
1935,24255,24290,1778
1936,24257,24290,1778
1937,24254,24290,1778
1938,24255,24284,1778
1939,24256,24285,1778
1940,24252,24283,1778
1941,24251,24284,1778
1942,24251,24284,1778
1943,24249,24283,1778
1944,24249,24284,1778
1945,24249,24283,1778
1946,24250,24282,1778
1947,24248,24283,1778
1948,24248,24283,1778
1949,24249,24282,1778
1950,24255,24284,1778
1951,24255,24285,1778
1952,24252,24286,1778
1953,24252,24282,1778
1954,24253,24280,1778
1955,24254,24280,1777
1956,24251,24280,1777
1957,24252,24281,1777
1958,24250,24279,1777
1959,24247,24278,1777
1960,24248,24273,1777
1961,24249,24273,1777
1962,24247,24277,1776
1963,24246,24275,1776
1964,24246,24276,1776
1965,24246,24274,1776
1966,24247,24273,1776
1967,24247,24274,1776
1968,24247,24274,1776
1969,24249,24275,1776
1970,24246,24270,1776
1971,24245,24271,1776
1972,24246,24273,1776
1973,24246,24273,1776
1974,24245,24274,1776
1975,24245,24276,1776
1976,24241,24277,1776
1977,24242,24279,1776
1978,24241,24280,1776
1979,24243,24279,1776
1980,24242,24279,1776
1981,24242,24280,1776
1982,24242,24281,1776
1983,24242,24281,1776
1984,24243,24283,1776
1985,24247,24282,1776
1986,24250,24280,1776
1987,24253,24276,1776
1988,24254,24274,1776
1989,24253,24275,1776
1990,24255,24272,1776
1991,24251,24272,1776
1992,24247,24271,1776
1993,24247,24270,1776
1994,24246,24273,1776
1995,24245,24273,1776
1996,24241,24274,1776
1997,24241,24269,1776
1998,24242,24269,1776
1999,24243,24266,1776
2000,24240,24267,1776
2001,24241,24268,1776
2002,24242,24270,1776
2003,24240,24272,1776
2004,24240,24272,1776
2005,24239,24271,1776
2006,24240,24271,1776
2007,24241,24268,1776
2008,24242,24268,1776
2009,24241,24268,1776
2010,24241,24266,1776
2011,24243,24264,1776
2012,24240,24264,1776
2013,24240,24265,1776
2014,24241,24264,1776
2015,24238,24265,1776
2016,24238,24265,1776
2017,24236,24266,1776
2018,24236,24266,1776
2019,24236,24264,1776
2020,24234,24262,1776
2021,24231,24259,1776
2022,24231,24259,1776
2023,24228,24259,1776
2024,24229,24260,1776
2025,24229,24263,1776
2026,24232,24262,1776
2027,24234,24261,1776
2028,24232,24263,1776
2029,24231,24265,1776
2030,24231,24264,1776
2031,24228,24268,1776
2032,24226,24265,1776
2033,24228,24263,1776
2034,24228,24263,1776
2035,24227,24258,1776
2036,24227,24259,1776
2037,24230,24256,1776
2038,24229,24256,1776
2039,24231,24257,1776
2040,24232,24257,1776
2041,24237,24257,1776
2042,24234,24257,1776
2043,24234,24258,1776
2044,24233,24261,1776
2045,24231,24261,1776
2046,24228,24262,1776
2047,24228,24263,1776
2048,24227,24262,1776
2049,24226,24260,1776
2050,24224,24259,1776
2051,24225,24258,1776
2052,24228,24259,1776
2053,24228,24262,1776
2054,24227,24264,1776
2055,24231,24261,1776
2056,24230,24262,1776
2057,24229,24261,1776
2058,24233,24262,1776
2059,24233,24262,1776
2060,24231,24263,1776
2061,24230,24265,1776
2062,24229,24265,1776
2063,24227,24267,1776
2064,24224,24264,1775
2065,24226,24266,1775
2066,24228,24265,1775
2067,24227,24268,1775
2068,24225,24271,1775
2069,24227,24272,1775
2070,24227,24273,1775
2071,24227,24272,1775
2072,24227,24268,1775
2073,24225,24269,1776
2074,24226,24266,1776
2075,24230,24267,1776
2076,24230,24264,1776
2077,24229,24264,1776
2078,24226,24262,1776
2079,24221,24264,1776
2080,24221,24265,1776
2081,24222,24266,1776
2082,24222,24268,1776
2083,24222,24264,1776
2084,24221,24264,1776
2085,24221,24264,1776
2086,24223,24265,1776
2087,24221,24265,1776
2088,24221,24264,1776
2089,24223,24263,1776
2090,24223,24260,1776
2091,24223,24260,1776
2092,24222,24259,1776
2093,24225,24259,1776
2094,24228,24259,1775
2095,24230,24258,1775
2096,24233,24259,1775
2097,24233,24262,1775
2098,24233,24259,1775
2099,24234,24262,1775
2100,24234,24264,1775
2101,24235,24265,1775
2102,24232,24263,1775
2103,24232,24263,1775
2104,24231,24263,1775
2105,24229,24263,1775
2106,24229,24263,1775
2107,24232,24266,1775
2108,24233,24265,1775
2109,24234,24265,1775
2110,24232,24262,1775
2111,24230,24265,1775
2112,24228,24261,1775
2113,24228,24260,1775
2114,24229,24259,1775
2115,24230,24260,1775
2116,24228,24255,1775
2117,24227,24254,1775
2118,24226,24252,1775
2119,24227,24253,1775
2120,24227,24253,1774
2121,24229,24252,1774
2122,24229,24254,1774
2123,24230,24257,1774
2124,24234,24257,1774
2125,24235,24260,1774
2126,24237,24261,1774
2127,24235,24260,1774
2128,24237,24261,1774
2129,24238,24259,1774
2130,24238,24256,1774
2131,24238,24260,1774
2132,24238,24261,1774
2133,24239,24262,1774
2134,24241,24259,1774
2135,24237,24256,1775
2136,24238,24258,1775
2137,24235,24256,1775
2138,24235,24256,1775
2139,24233,24256,1775
2140,24233,24255,1775
2141,24230,24254,1775
2142,24227,24254,1775
2143,24227,24255,1775
2144,24232,24256,1775
2145,24235,24254,1775
2146,24235,24251,1775
2147,24235,24254,1775
2148,24234,24251,1775
2149,24230,24247,1775
2150,24230,24243,1775
2151,24230,24240,1774
2152,24227,24240,1774
2153,24226,24240,1774
2154,24224,24239,1774
2155,24224,24237,1774
2156,24225,24236,1774
2157,24223,24237,1774
2158,24223,24235,1773
2159,24221,24235,1773
2160,24222,24235,1773
2161,24224,24231,1773
2162,24224,24231,1773
2163,24227,24231,1773
2164,24225,24230,1773
2165,24223,24229,1773
2166,24221,24229,1773
2167,24222,24230,1773
2168,24219,24227,1773
2169,24219,24230,1773
2170,24217,24230,1773
2171,24218,24229,1773
2172,24215,24229,1773
2173,24215,24231,1774
2174,24217,24230,1774
2175,24215,24230,1774
2176,24214,24227,1774
2177,24215,24226,1774
2178,24215,24224,1774
2179,24216,24225,1774
2180,24218,24226,1774
2181,24220,24227,1774
2182,24220,24225,1774
2183,24220,24224,1774
2184,24221,24227,1774
2185,24219,24224,1774
2186,24219,24222,1774
2187,24217,24216,1774
2188,24214,24214,1774
2189,24214,24216,1774
2190,24213,24216,1774
2191,24209,24220,1774
2192,24210,24221,1774
2193,24209,24223,1774
2194,24207,24220,1774
2195,24201,24220,1774
2196,24202,24220,1774
2197,24202,24222,1774
2198,24201,24219,1774
2199,24195,24218,1774
2200,24193,24217,1774
2201,24196,24218,1774
2202,24198,24216,1774
2203,24202,24214,1774
2204,24203,24215,1774
2205,24205,24217,1774
2206,24205,24214,1774
2207,24203,24208,1774
2208,24201,24211,1774
2209,24204,24210,1774
2210,24204,24206,1774
2211,24203,24206,1774
2212,24203,24206,1773
2213,24198,24205,1773
2214,24202,24206,1773
2215,24202,24207,1773
2216,24202,24209,1773
2217,24205,24208,1773
2218,24205,24206,1773
2219,24203,24205,1773
2220,24203,24204,1773
2221,24200,24204,1773
2222,24201,24207,1773
2223,24200,24204,1773
2224,24200,24204,1773
2225,24196,24207,1773
2226,24195,24208,1773
2227,24194,24204,1773
2228,24192,24203,1773
2229,24191,24205,1773
2230,24193,24204,1773
2231,24193,24203,1773
2232,24192,24205,1773
2233,24193,24205,1773
2234,24194,24205,1772
2235,24193,24205,1772
2236,24190,24206,1772
2237,24190,24205,1772
2238,24191,24205,1772
2239,24192,24206,1772
2240,24187,24206,1772
2241,24185,24208,1772
2242,24180,24208,1772
2243,24177,24208,1772
2244,24177,24209,1772
2245,24178,24212,1772
2246,24179,24208,1772
2247,24178,24204,1772
2248,24178,24210,1772
2249,24178,24209,1772
2250,24178,24207,1772
2251,24176,24205,1772
2252,24181,24205,1772
2253,24182,24203,1771
2254,24180,24204,1770
2255,24178,24201,1770
2256,24178,24200,1770
2257,24175,24198,1769
2258,24176,24196,1769
2259,24175,24197,1769
2260,24178,24195,1769
2261,24179,24195,1769
2262,24177,24194,1769
2263,24176,24196,1769
2264,24176,24198,1769
2265,24177,24199,1769
2266,24178,24197,1769
2267,24180,24194,1769
2268,24182,24194,1769
2269,24179,24194,1769
2270,24180,24196,1769
2271,24178,24196,1769
2272,24176,24193,1769
2273,24178,24195,1769
2274,24179,24195,1769
2275,24181,24196,1769
2276,24181,24198,1769
2277,24181,24198,1769
2278,24182,24196,1769
2279,24179,24197,1769
2280,24177,24198,1769
2281,24174,24196,1769
2282,24173,24195,1769
2283,24170,24199,1769
2284,24168,24196,1769
2285,24167,24197,1769
2286,24164,24198,1769
2287,24165,24194,1769
2288,24166,24194,1769
2289,24165,24199,1769
2290,24165,24200,1768
2291,24163,24199,1768
2292,24162,24196,1768
2293,24161,24198,1768
2294,24162,24198,1768
2295,24163,24199,1768
2296,24162,24199,1768
2297,24162,24199,1768
2298,24160,24198,1768
2299,24160,24201,1768
2300,24162,24199,1768
2301,24165,24199,1768
2302,24168,24200,1768
2303,24169,24199,1768
2304,24170,24200,1768
2305,24168,24199,1768
2306,24167,24199,1768
2307,24166,24200,1768
2308,24166,24197,1768
2309,24166,24198,1768
2310,24165,24198,1768
2311,24167,24205,1768
2312,24165,24206,1768
2313,24166,24205,1768
2314,24162,24206,1768
2315,24162,24207,1768
2316,24161,24205,1768
2317,24163,24202,1768
2318,24166,24199,1768
2319,24165,24199,1768
2320,24169,24204,1768
2321,24169,24204,1768
2322,24167,24207,1768
2323,24168,24205,1767
2324,24168,24204,1767
2325,24166,24204,1767
2326,24164,24203,1767
2327,24167,24203,1767
2328,24166,24202,1767
2329,24167,24200,1767
2330,24171,24197,1767
2331,24171,24197,1767
2332,24169,24194,1767
2333,24167,24196,1767
2334,24169,24190,1767
2335,24169,24190,1767
2336,24169,24191,1767
2337,24168,24193,1767
2338,24168,24193,1767
2339,24168,24194,1767
2340,24166,24194,1767
2341,24164,24196,1767
2342,24165,24192,1767
2343,24163,24191,1767
2344,24162,24192,1767
2345,24163,24194,1766
2346,24162,24192,1766
2347,24162,24192,1766
2348,24161,24192,1766
2349,24161,24189,1766
2350,24158,24191,1766
2351,24160,24190,1766
2352,24161,24190,1766
2353,24159,24188,1766
2354,24160,24189,1766
2355,24158,24188,1765
2356,24156,24190,1764
2357,24156,24193,1764
2358,24157,24193,1764
2359,24154,24193,1764
2360,24156,24196,1764
2361,24158,24197,1763
2362,24158,24194,1763
2363,24160,24195,1763
2364,24158,24198,1763
2365,24158,24200,1763
2366,24159,24199,1763
2367,24160,24198,1763
2368,24160,24197,1763
2369,24159,24195,1763
2370,24159,24194,1763
2371,24158,24195,1763
2372,24156,24194,1763
2373,24156,24191,1763
2374,24157,24191,1763
2375,24159,24191,1763
2376,24160,24191,1763
2377,24160,24192,1763
2378,24160,24191,1763
2379,24158,24190,1762
2380,24160,24190,1762
2381,24161,24190,1762
2382,24161,24190,1762
2383,24161,24190,1762
2384,24161,24190,1762
2385,24160,24192,1762
2386,24156,24192,1762
2387,24158,24189,1763
2388,24157,24188,1763
2389,24154,24186,1763
2390,24160,24188,1762
2391,24159,24187,1762
2392,24159,24186,1762
2393,24159,24187,1762
2394,24159,24189,1762
2395,24156,24187,1762
2396,24159,24187,1762
2397,24160,24187,1762
2398,24159,24184,1762
2399,24160,24183,1762
2400,24160,24182,1762
2401,24157,24185,1762
2402,24159,24185,1762
2403,24159,24185,1762
2404,24154,24182,1762
2405,24153,24178,1762
2406,24151,24173,1762
2407,24148,24178,1762
2408,24147,24173,1762
2409,24146,24174,1762
2410,24147,24172,1761
2411,24145,24174,1760
2412,24145,24169,1760
2413,24146,24169,1760
2414,24145,24169,1760
2415,24148,24169,1760
2416,24148,24168,1760
2417,24150,24167,1760
2418,24150,24166,1760
2419,24148,24167,1760
2420,24153,24167,1760
2421,24152,24167,1760
2422,24154,24165,1760
2423,24151,24164,1760
2424,24150,24168,1760
2425,24151,24170,1760
2426,24151,24169,1760
2427,24149,24168,1760
2428,24146,24168,1760
2429,24147,24169,1759
2430,24148,24168,1759
2431,24151,24166,1759
2432,24154,24168,1759
2433,24152,24165,1759
2434,24153,24163,1759
2435,24154,24163,1759
2436,24156,24160,1759
2437,24157,24158,1759
2438,24157,24158,1759
2439,24158,24156,1759
2440,24158,24155,1759
2441,24155,24155,1759
2442,24153,24150,1759
2443,24155,24149,1759
2444,24153,24153,1759
2445,24153,24154,1759
2446,24152,24154,1759
2447,24151,24156,1759
2448,24154,24157,1758
2449,24150,24158,1758
2450,24146,24157,1758
2451,24151,24158,1758
2452,24149,24158,1758
2453,24147,24156,1758
2454,24145,24154,1758
2455,24146,24155,1758
2456,24145,24157,1758
2457,24141,24159,1758
2458,24145,24159,1758
2459,24145,24155,1758
2460,24143,24157,1758
2461,24144,24154,1758
2462,24142,24157,1757
2463,24142,24156,1757
2464,24143,24153,1757
2465,24144,24156,1757
2466,24144,24159,1757
2467,24144,24156,1757
2468,24143,24153,1757
2469,24143,24156,1757
2470,24142,24154,1757
2471,24143,24153,1757
2472,24144,24154,1757
2473,24146,24158,1756
2474,24145,24159,1756
2475,24147,24156,1756
2476,24146,24160,1756
2477,24146,24163,1756
2478,24144,24163,1756
2479,24138,24165,1756
2480,24137,24164,1756
2481,24139,24162,1756
2482,24141,24161,1756
2483,24143,24158,1756
2484,24144,24159,1756
2485,24148,24158,1756
2486,24151,24157,1756
2487,24148,24161,1756
2488,24146,24160,1756
2489,24147,24158,1756
2490,24148,24158,1756
2491,24147,24156,1756
2492,24147,24157,1756
2493,24147,24158,1756
2494,24148,24155,1756
2495,24147,24152,1756
2496,24144,24156,1756
2497,24146,24157,1756
2498,24145,24156,1756
2499,24145,24156,1756
2500,24145,24156,1758
2501,24146,24156,1758
2502,24144,24158,1758
2503,24144,24162,1758
2504,24144,24162,1758
2505,24143,24163,1758
2506,24142,24162,1758
2507,24142,24162,1758
2508,24141,24162,1758
2509,24141,24162,1758
2510,24140,24162,1758
2511,24145,24163,1758
2512,24143,24161,1758
2513,24146,24163,1758
2514,24147,24168,1757
2515,24150,24167,1757
2516,24152,24164,1757
2517,24149,24163,1756
2518,24148,24161,1756
2519,24148,24159,1756
2520,24149,24159,1756
2521,24148,24159,1756
2522,24145,24161,1756
2523,24144,24157,1756
2524,24140,24157,1756
2525,24141,24155,1755
2526,24140,24153,1755
2527,24139,24152,1755
2528,24138,24149,1755
2529,24140,24149,1755
2530,24143,24150,1755
2531,24143,24150,1755
2532,24147,24152,1755
2533,24147,24152,1754
2534,24145,24154,1754
2535,24140,24151,1754
2536,24140,24151,1754
2537,24139,24149,1753
2538,24138,24150,1753
2539,24136,24147,1753
2540,24134,24147,1753
2541,24136,24147,1753
2542,24137,24147,1752
2543,24139,24148,1752
2544,24140,24148,1752
2545,24140,24148,1752
2546,24141,24146,1752
2547,24139,24145,1752
2548,24138,24144,1752
2549,24135,24142,1752
2550,24135,24140,1752
2551,24132,24141,1752
2552,24135,24139,1752
2553,24137,24138,1752
2554,24138,24137,1752
2555,24138,24138,1752
2556,24138,24141,1752
2557,24140,24140,1752
2558,24140,24139,1751
2559,24139,24139,1751
2560,24138,24141,1751
2561,24134,24139,1751
2562,24134,24140,1751
2563,24137,24138,1751
2564,24136,24138,1751
2565,24133,24137,1751
2566,24130,24136,1751
2567,24130,24134,1751
2568,24126,24133,1751
2569,24124,24134,1751
2570,24122,24134,1751
2571,24121,24134,1751
2572,24122,24134,1751
2573,24123,24136,1751
2574,24123,24135,1751
2575,24120,24132,1751
2576,24121,24132,1751
2577,24119,24130,1750
2578,24119,24131,1750
2579,24119,24126,1750
2580,24121,24129,1750
2581,24119,24126,1750
2582,24120,24125,1749
2583,24122,24125,1749
2584,24126,24127,1749
2585,24129,24126,1749
2586,24129,24129,1749
2587,24130,24127,1749
2588,24129,24129,1749
2589,24129,24132,1749
2590,24129,24133,1749
2591,24131,24133,1749
2592,24133,24133,1749
2593,24134,24131,1749
2594,24132,24133,1749
2595,24127,24136,1749
2596,24126,24135,1747
2597,24127,24137,1747
2598,24126,24138,1747
2599,24125,24137,1747
2600,24127,24135,1747
2601,24126,24133,1748
2602,24125,24133,1748
2603,24123,24133,1748
2604,24125,24136,1748
2605,24122,24135,1748
2606,24122,24133,1748
2607,24123,24132,1748
2608,24125,24132,1748
2609,24125,24134,1748
2610,24125,24133,1748
2611,24125,24134,1748
2612,24124,24133,1748
2613,24123,24132,1748
2614,24125,24132,1748
2615,24126,24133,1748
2616,24128,24134,1748
2617,24128,24135,1748
2618,24125,24136,1748
2619,24127,24133,1748
2620,24124,24129,1748
2621,24123,24131,1748
2622,24123,24131,1748
2623,24127,24131,1748
2624,24126,24131,1748
2625,24126,24130,1748
2626,24126,24128,1748
2627,24124,24129,1748
2628,24124,24129,1748
2629,24125,24128,1748
2630,24125,24130,1748
2631,24124,24130,1748
2632,24123,24132,1748
2633,24123,24132,1748
2634,24123,24129,1748
2635,24124,24128,1748
2636,24125,24129,1748
2637,24125,24129,1748
2638,24127,24131,1748
2639,24123,24130,1748
2640,24125,24132,1748
2641,24125,24131,1748
2642,24125,24129,1748
2643,24125,24125,1748
2644,24125,24127,1748
2645,24127,24129,1748
2646,24126,24130,1748
2647,24125,24133,1748
2648,24123,24135,1748
2649,24122,24134,1748
2650,24119,24133,1748
2651,24119,24133,1748
2652,24119,24135,1748
2653,24116,24135,1748
2654,24117,24138,1748
2655,24118,24137,1748
2656,24117,24138,1748
2657,24116,24140,1748
2658,24116,24141,1748
2659,24116,24139,1748
2660,24117,24138,1748
2661,24117,24138,1748
2662,24117,24138,1748
2663,24117,24140,1747
2664,24115,24141,1747
2665,24116,24142,1747
2666,24115,24144,1747
2667,24116,24143,1747
2668,24118,24144,1747
2669,24118,24146,1747
2670,24117,24143,1747
2671,24121,24144,1747
2672,24118,24143,1747
2673,24117,24142,1747
2674,24117,24141,1747
2675,24117,24141,1747
2676,24116,24140,1747
2677,24114,24140,1747
2678,24112,24138,1747
2679,24112,24137,1747
2680,24109,24135,1747
2681,24107,24140,1747
2682,24107,24138,1747
2683,24103,24139,1747
2684,24106,24139,1747
2685,24104,24138,1747
2686,24106,24140,1747
2687,24102,24138,1747
2688,24099,24140,1746
2689,24100,24139,1746
2690,24099,24138,1746
2691,24100,24139,1746
2692,24097,24141,1746
2693,24102,24141,1746
2694,24104,24141,1746
2695,24105,24142,1746
2696,24106,24141,1745
2697,24107,24140,1745
2698,24107,24142,1745
2699,24104,24139,1745
2700,24104,24142,1745
2701,24102,24140,1744
2702,24103,24140,1744
2703,24103,24138,1744
2704,24105,24138,1744
2705,24104,24134,1744
2706,24103,24133,1744
2707,24104,24127,1744
2708,24104,24128,1744
2709,24104,24127,1744
2710,24105,24129,1744
2711,24107,24134,1744
2712,24107,24134,1744
2713,24108,24134,1744
2714,24106,24136,1744
2715,24109,24135,1744
2716,24106,24133,1744
2717,24104,24133,1744
2718,24103,24133,1744
2719,24102,24132,1744
2720,24103,24133,1744
2721,24100,24136,1744
2722,24102,24137,1744
2723,24103,24132,1744
2724,24103,24133,1744
2725,24105,24130,1744
2726,24104,24129,1744
2727,24104,24125,1744
2728,24107,24125,1744
2729,24106,24126,1744
2730,24102,24125,1744
2731,24101,24127,1743
2732,24104,24127,1743
2733,24101,24128,1743
2734,24097,24128,1743
2735,24098,24127,1743
2736,24100,24126,1743
2737,24097,24127,1743
2738,24094,24127,1742
2739,24090,24128,1742
2740,24092,24129,1742
2741,24093,24128,1742
2742,24095,24127,1742
2743,24096,24124,1742
2744,24095,24123,1742
2745,24094,24124,1742
2746,24094,24122,1742
2747,24094,24123,1742
2748,24098,24124,1742
2749,24099,24126,1742
2750,24099,24131,1742
2751,24098,24134,1742
2752,24097,24133,1742
2753,24096,24134,1741
2754,24101,24135,1741
2755,24101,24135,1741
2756,24100,24136,1741
2757,24101,24136,1741
2758,24101,24138,1741
2759,24101,24138,1741
2760,24100,24140,1741
2761,24101,24139,1741
2762,24099,24136,1741
2763,24101,24137,1741
2764,24098,24136,1741
2765,24102,24137,1740
2766,24102,24137,1740
2767,24099,24135,1740
2768,24098,24137,1740
2769,24099,24136,1740
2770,24098,24137,1740
2771,24096,24137,1740
2772,24096,24136,1740
2773,24098,24136,1740
2774,24097,24138,1740
2775,24100,24138,1740
2776,24099,24142,1740
2777,24099,24140,1740
2778,24099,24137,1740
2779,24100,24135,1740
2780,24096,24137,1740
2781,24096,24136,1740
2782,24098,24135,1740
2783,24097,24133,1740
2784,24098,24133,1739
2785,24102,24133,1739
2786,24100,24131,1739
2787,24099,24133,1739
2788,24098,24133,1739
2789,24096,24136,1739
2790,24095,24137,1739
2791,24095,24131,1739
2792,24094,24130,1739
2793,24092,24129,1739
2794,24091,24128,1739
2795,24090,24125,1739
2796,24090,24124,1739
2797,24092,24127,1739
2798,24089,24129,1739
2799,24086,24128,1739
2800,24086,24127,1739
2801,24085,24127,1738
2802,24087,24128,1738
2803,24090,24129,1738
2804,24089,24128,1738
2805,24086,24130,1738
2806,24086,24131,1738
2807,24088,24133,1738
2808,24087,24131,1738
2809,24084,24130,1738
2810,24084,24130,1738
2811,24083,24130,1737
2812,24083,24130,1737
2813,24084,24128,1737
2814,24081,24131,1737
2815,24076,24133,1737
2816,24076,24129,1737
2817,24078,24125,1737
2818,24079,24124,1737
2819,24077,24123,1737
2820,24074,24125,1737
2821,24076,24124,1737
2822,24076,24124,1736
2823,24075,24124,1736
2824,24073,24124,1736
2825,24074,24123,1736
2826,24074,24126,1736
2827,24070,24128,1736
2828,24071,24127,1736
2829,24071,24127,1736
2830,24075,24125,1736
2831,24073,24122,1736
2832,24072,24117,1736
2833,24068,24116,1736
2834,24065,24115,1736
2835,24062,24116,1736
2836,24060,24110,1736
2837,24059,24111,1736
2838,24058,24111,1736
2839,24058,24110,1736
2840,24059,24111,1736
2841,24058,24110,1736
2842,24059,24109,1736
2843,24058,24109,1736
2844,24058,24109,1736
2845,24058,24110,1736
2846,24060,24111,1736
2847,24057,24112,1736
2848,24056,24108,1736
2849,24054,24105,1736
2850,24058,24106,1736
2851,24060,24112,1736
2852,24059,24114,1736
2853,24059,24114,1736
2854,24059,24113,1736
2855,24059,24112,1736
2856,24059,24113,1736
2857,24060,24117,1736
2858,24060,24117,1736
2859,24059,24117,1736
2860,24057,24115,1736
2861,24054,24114,1736
2862,24052,24118,1736
2863,24052,24115,1736
2864,24051,24108,1736
2865,24050,24106,1736
2866,24050,24106,1736
2867,24053,24108,1736
2868,24054,24107,1736
2869,24053,24107,1736
2870,24054,24107,1736
2871,24056,24106,1736
2872,24055,24107,1736
2873,24052,24107,1736
2874,24052,24107,1736
2875,24050,24108,1736
2876,24052,24113,1736
2877,24051,24109,1736
2878,24051,24108,1736
2879,24049,24107,1736
2880,24047,24108,1736
2881,24049,24106,1736
2882,24047,24103,1735
2883,24045,24100,1735
2884,24045,24098,1735
2885,24044,24096,1735
2886,24043,24093,1734
2887,24041,24092,1734
2888,24042,24095,1734
2889,24044,24094,1734
2890,24045,24093,1734
2891,24045,24092,1733
2892,24045,24095,1733
2893,24045,24096,1733
2894,24046,24091,1733
2895,24043,24098,1733
2896,24042,24101,1733
2897,24044,24099,1733
2898,24044,24101,1733
2899,24043,24101,1733
2900,24045,24101,1733
2901,24044,24100,1733
2902,24044,24102,1733
2903,24043,24101,1733
2904,24044,24104,1733
2905,24040,24104,1733
2906,24040,24104,1733
2907,24043,24104,1733
2908,24043,24106,1733
2909,24043,24101,1733
2910,24044,24102,1733
2911,24038,24103,1732
2912,24038,24109,1732
2913,24037,24111,1732
2914,24033,24110,1732
2915,24032,24116,1732
2916,24031,24117,1732
2917,24029,24114,1732
2918,24031,24115,1732
2919,24031,24113,1732
2920,24029,24112,1730
2921,24028,24111,1730
2922,24026,24109,1730
2923,24023,24110,1729
2924,24022,24112,1729
2925,24020,24110,1729
2926,24021,24107,1729
2927,24020,24105,1729
2928,24022,24107,1729
2929,24024,24107,1728
2930,24023,24108,1728
2931,24025,24106,1728
2932,24025,24104,1728
2933,24025,24104,1728
2934,24025,24106,1728
2935,24024,24108,1728
2936,24028,24105,1728
2937,24029,24104,1728
2938,24031,24104,1728
2939,24034,24102,1728
2940,24035,24102,1728
2941,24035,24103,1728
2942,24034,24104,1728
2943,24036,24102,1728
2944,24038,24104,1728
2945,24038,24103,1728
2946,24036,24101,1728
2947,24035,24102,1728
2948,24035,24100,1728
2949,24035,24099,1728
2950,24034,24097,1728
2951,24033,24096,1728
2952,24031,24096,1728
2953,24034,24095,1728
2954,24031,24093,1728
2955,24028,24093,1728
2956,24028,24091,1728
2957,24025,24095,1728
2958,24028,24097,1728
2959,24024,24095,1728
2960,24022,24095,1728
2961,24025,24094,1728
2962,24029,24094,1727
2963,24028,24092,1727
2964,24030,24092,1727
2965,24027,24095,1727
2966,24028,24098,1727
2967,24029,24099,1727
2968,24032,24099,1727
2969,24033,24098,1727
2970,24034,24100,1727
2971,24034,24101,1727
2972,24035,24100,1727
2973,24036,24102,1727
2974,24037,24102,1727
2975,24037,24100,1727
2976,24038,24102,1727
2977,24037,24101,1727
2978,24041,24104,1727
2979,24042,24103,1727
2980,24043,24102,1727
2981,24043,24104,1727
2982,24042,24104,1727
2983,24046,24103,1727
2984,24048,24104,1726
2985,24048,24102,1726
2986,24048,24099,1726
2987,24048,24097,1726
2988,24046,24091,1726
2989,24045,24092,1726
2990,24045,24092,1726
2991,24045,24096,1726
2992,24042,24096,1726
2993,24043,24095,1724
2994,24043,24093,1724
2995,24041,24095,1723
2996,24039,24097,1723
2997,24038,24099,1723
2998,24036,24099,1723
2999,24039,24098,1723
3000,24039,24095,1723
3001,24038,24096,1723
3002,24037,24092,1723
3003,24037,24093,1723
3004,24037,24092,1723
3005,24036,24095,1723
3006,24037,24096,1723
3007,24035,24094,1723
3008,24039,24095,1723
3009,24037,24093,1723
3010,24033,24092,1723
3011,24032,24093,1723
3012,24032,24090,1723
3013,24033,24088,1722
3014,24033,24088,1722
3015,24032,24090,1722
3016,24035,24088,1722
3017,24037,24088,1722
3018,24037,24092,1722
3019,24034,24092,1722
3020,24038,24091,1722
3021,24034,24091,1722
3022,24033,24091,1722
3023,24035,24093,1722
3024,24038,24092,1722
3025,24038,24090,1722
3026,24037,24087,1722
3027,24033,24085,1722
3028,24032,24086,1722
3029,24032,24086,1722
3030,24030,24087,1722
3031,24031,24087,1722
3032,24033,24085,1722
3033,24031,24083,1722
3034,24032,24085,1722
3035,24032,24085,1722
3036,24031,24086,1722
3037,24030,24084,1722
3038,24029,24082,1722
3039,24028,24083,1722
3040,24025,24083,1722
3041,24026,24085,1722
3042,24029,24087,1722
3043,24028,24084,1722
3044,24027,24088,1722
3045,24027,24088,1722
3046,24025,24088,1722
3047,24026,24088,1722
3048,24025,24086,1722
3049,24025,24088,1722
3050,24024,24090,1722
3051,24025,24089,1722
3052,24026,24092,1722
3053,24022,24090,1722
3054,24026,24092,1722
3055,24027,24095,1722
3056,24029,24095,1722
3057,24030,24097,1721
3058,24031,24096,1721
3059,24034,24098,1721
3060,24034,24097,1721
3061,24035,24097,1721
3062,24037,24097,1721
3063,24039,24096,1721
3064,24041,24094,1721
3065,24041,24094,1721
3066,24039,24093,1720
3067,24036,24093,1720
3068,24039,24087,1720
3069,24040,24087,1720
3070,24044,24087,1720
3071,24043,24086,1720
3072,24045,24084,1719
3073,24046,24086,1719
3074,24050,24086,1719
3075,24050,24086,1719
3076,24048,24084,1719
3077,24048,24085,1719
3078,24048,24086,1719
3079,24047,24087,1719
3080,24045,24086,1719
3081,24047,24090,1719
3082,24046,24090,1719
3083,24045,24088,1719
3084,24045,24087,1719
3085,24046,24092,1719
3086,24046,24089,1719
3087,24046,24087,1719
3088,24044,24084,1719
3089,24041,24084,1718
3090,24042,24085,1717
3091,24041,24083,1717
3092,24041,24083,1717
3093,24043,24082,1717
3094,24043,24083,1717
3095,24045,24081,1717
3096,24046,24081,1717
3097,24046,24079,1717
3098,24045,24079,1717
3099,24045,24082,1717
3100,24042,24082,1717
3101,24043,24081,1717
3102,24043,24079,1717
3103,24043,24081,1716
3104,24042,24079,1716
3105,24041,24081,1715
3106,24039,24081,1715
3107,24037,24080,1715
3108,24037,24077,1715
3109,24035,24079,1715
3110,24032,24080,1715
3111,24032,24081,1715
3112,24033,24083,1715
3113,24033,24081,1715
3114,24035,24081,1715
3115,24035,24082,1715
3116,24034,24081,1715
3117,24035,24081,1715
3118,24033,24080,1715
3119,24034,24081,1715
3120,24033,24082,1715
3121,24033,24080,1715
3122,24031,24081,1715
3123,24031,24081,1715
3124,24035,24079,1715
3125,24032,24079,1715
3126,24029,24080,1715
3127,24029,24076,1715
3128,24030,24077,1715
3129,24029,24080,1715
3130,24031,24078,1715
3131,24030,24079,1715
3132,24031,24082,1715
3133,24033,24084,1715
3134,24033,24085,1715
3135,24036,24081,1715
3136,24035,24082,1715
3137,24035,24082,1715
3138,24037,24082,1715
3139,24037,24085,1715
3140,24035,24083,1715
3141,24037,24082,1715
3142,24035,24080,1715
3143,24035,24082,1715
3144,24035,24082,1715
3145,24036,24081,1715
3146,24036,24085,1715
3147,24039,24086,1715
3148,24038,24086,1715
3149,24039,24083,1715
3150,24037,24083,1715
3151,24042,24083,1715
3152,24042,24084,1715
3153,24041,24082,1715
3154,24045,24082,1715
3155,24045,24082,1715
3156,24050,24083,1715
3157,24050,24082,1715
3158,24051,24084,1715
3159,24051,24081,1715
3160,24052,24082,1715
3161,24052,24081,1715
3162,24054,24084,1715
3163,24054,24082,1715
3164,24057,24086,1714
3165,24058,24089,1714
3166,24056,24090,1714
3167,24055,24089,1714
3168,24055,24085,1714
3169,24055,24084,1714
3170,24056,24081,1714
3171,24056,24075,1714
3172,24054,24074,1714
3173,24053,24074,1714
3174,24053,24072,1714
3175,24051,24071,1714
3176,24046,24072,1714
3177,24047,24073,1714
3178,24048,24072,1714
3179,24048,24072,1714
3180,24050,24073,1714
3181,24049,24074,1714
3182,24045,24070,1714
3183,24044,24070,1714
3184,24042,24071,1713
3185,24042,24071,1713
3186,24044,24071,1713
3187,24041,24066,1714
3188,24042,24066,1714
3189,24044,24068,1714
3190,24045,24069,1714
3191,24044,24069,1714
3192,24047,24068,1713
3193,24046,24069,1713
3194,24050,24067,1713
3195,24053,24065,1713
3196,24053,24063,1713
3197,24054,24066,1713
3198,24049,24066,1713
3199,24049,24066,1713
3200,24050,24065,1713
3201,24050,24065,1713
3202,24051,24062,1713
3203,24052,24063,1713
3204,24054,24062,1713
3205,24054,24061,1713
3206,24054,24062,1713
3207,24054,24061,1713
3208,24053,24060,1713
3209,24053,24060,1713
3210,24054,24059,1713
3211,24052,24057,1713
3212,24053,24059,1713
3213,24048,24059,1713
3214,24045,24058,1713
3215,24045,24054,1713
3216,24042,24052,1712
3217,24041,24050,1712
3218,24041,24049,1712
3219,24041,24049,1712
3220,24042,24048,1712
3221,24043,24047,1712
3222,24041,24048,1712
3223,24037,24052,1712
3224,24037,24054,1712
3225,24034,24056,1712
3226,24033,24056,1712
3227,24037,24057,1712
3228,24036,24060,1712
3229,24033,24063,1712
3230,24033,24065,1712
3231,24034,24064,1712
3232,24031,24066,1712
3233,24033,24067,1712
3234,24030,24067,1712
3235,24029,24067,1712
3236,24029,24067,1712
3237,24030,24066,1712
3238,24032,24066,1712
3239,24032,24068,1712
3240,24030,24069,1712
3241,24029,24069,1712
3242,24033,24067,1712
3243,24031,24066,1712
3244,24030,24063,1712
3245,24029,24062,1712
3246,24026,24057,1712
3247,24026,24058,1712
3248,24024,24061,1712
3249,24023,24061,1712
3250,24022,24062,1712
3251,24022,24062,1712
3252,24022,24064,1712
3253,24019,24062,1712
3254,24018,24061,1712
3255,24012,24062,1712
3256,24010,24061,1712
3257,24007,24062,1712
3258,24007,24063,1712
3259,24007,24065,1712
3260,24009,24063,1712
3261,24006,24060,1712
3262,24011,24058,1712
3263,24011,24056,1711
3264,24007,24055,1711
3265,24007,24054,1711
3266,24007,24055,1711
3267,24009,24058,1711
3268,24010,24057,1711
3269,24011,24056,1711
3270,24012,24054,1711
3271,24013,24055,1711
3272,24014,24055,1711
3273,24012,24056,1711
3274,24011,24059,1710
3275,24011,24057,1710
3276,24011,24059,1710
3277,24010,24058,1710
3278,24008,24056,1710
3279,24011,24060,1710
3280,24010,24060,1710
3281,24011,24061,1710
3282,24009,24061,1710
3283,24006,24060,1710
3284,24005,24061,1710
3285,24002,24061,1710
3286,24003,24061,1710
3287,24002,24060,1710
3288,24002,24060,1710
3289,24001,24062,1709
3290,24001,24062,1709
3291,23999,24060,1709
3292,23997,24059,1709
3293,23999,24057,1709
3294,24001,24054,1709
3295,23998,24054,1708
3296,23998,24056,1708
3297,23996,24056,1708
3298,23998,24057,1708
3299,23995,24056,1708
3300,23990,24057,1708
3301,23990,24058,1707
3302,23990,24057,1707
3303,23990,24056,1707
3304,23990,24054,1707
3305,23988,24053,1707
3306,23990,24051,1707
3307,23989,24052,1707
3308,23990,24053,1707
3309,23989,24056,1707
3310,23992,24055,1707
3311,23994,24056,1707
3312,23993,24053,1707
3313,23994,24051,1707
3314,23992,24052,1707
3315,23989,24056,1706
3316,23985,24059,1706
3317,23983,24057,1706
3318,23983,24053,1706
3319,23983,24054,1706
3320,23981,24058,1706
3321,23983,24057,1706
3322,23984,24056,1706
3323,23985,24057,1706
3324,23983,24054,1706
3325,23982,24055,1706
3326,23986,24054,1706
3327,23986,24055,1706
3328,23987,24056,1706
3329,23987,24054,1706
3330,23986,24050,1706
3331,23985,24050,1706
3332,23987,24054,1706
3333,23988,24057,1706
3334,23988,24056,1705
3335,23985,24056,1705
3336,23986,24057,1705
3337,23984,24056,1705
3338,23984,24055,1705
3339,23984,24058,1705
3340,23986,24057,1705
3341,23987,24056,1705
3342,23988,24057,1705
3343,23986,24058,1705
3344,23986,24055,1705
3345,23988,24054,1705
3346,23987,24054,1705
3347,23986,24054,1705
3348,23986,24055,1705
3349,23983,24053,1705
3350,23984,24052,1705
3351,23981,24053,1705
3352,23980,24052,1705
3353,23980,24053,1705
3354,23979,24054,1705
3355,23977,24053,1704
3356,23976,24051,1704
3357,23979,24052,1704
3358,23976,24047,1704
3359,23979,24047,1704
3360,23978,24044,1704
3361,23977,24044,1704
3362,23978,24044,1704
3363,23976,24043,1704
3364,23977,24043,1704
3365,23980,24043,1704
3366,23979,24044,1704
3367,23979,24043,1704
3368,23979,24040,1704
3369,23979,24040,1704
3370,23979,24039,1704
3371,23977,24040,1704
3372,23975,24040,1704
3373,23973,24040,1704
3374,23974,24043,1704
3375,23976,24046,1704
3376,23976,24045,1704
3377,23975,24046,1704
3378,23977,24046,1704
3379,23975,24045,1704
3380,23973,24044,1704
3381,23970,24048,1704
3382,23967,24047,1704
3383,23968,24048,1704
3384,23968,24046,1704
3385,23966,24050,1704
3386,23966,24052,1704
3387,23965,24053,1704
3388,23963,24052,1704
3389,23965,24053,1704
3390,23964,24052,1703
3391,23962,24048,1703
3392,23961,24046,1704
3393,23962,24047,1704
3394,23962,24046,1704
3395,23964,24042,1704
3396,23965,24042,1703
3397,23964,24042,1703
3398,23965,24045,1703
3399,23966,24046,1703
3400,23967,24045,1703
3401,23967,24045,1703
3402,23969,24045,1703
3403,23968,24047,1703
3404,23967,24044,1703
3405,23966,24045,1703
3406,23967,24049,1703
3407,23967,24050,1703
3408,23968,24052,1703
3409,23966,24052,1703
3410,23967,24052,1703
3411,23967,24053,1703
3412,23966,24056,1703
3413,23963,24056,1703
3414,23960,24057,1703
3415,23963,24061,1703
3416,23962,24063,1703
3417,23958,24066,1703
3418,23961,24065,1703
3419,23959,24068,1703
3420,23961,24067,1703
3421,23963,24070,1703
3422,23959,24068,1703
3423,23958,24066,1703
3424,23956,24066,1703
3425,23955,24069,1703
3426,23954,24070,1703
3427,23949,24070,1703
3428,23948,24070,1703
3429,23947,24067,1703
3430,23945,24061,1703
3431,23942,24062,1703
3432,23942,24068,1703
3433,23941,24071,1703
3434,23940,24071,1703
3435,23940,24072,1703
3436,23940,24072,1703
3437,23940,24071,1703
3438,23941,24073,1703
3439,23941,24073,1703
3440,23942,24074,1703
3441,23942,24078,1703
3442,23941,24080,1703
3443,23943,24077,1703
3444,23943,24078,1703
3445,23942,24077,1703
3446,23942,24075,1703
3447,23941,24076,1703
3448,23941,24076,1702
3449,23938,24075,1702
3450,23938,24076,1702
3451,23939,24076,1702
3452,23939,24074,1702
3453,23938,24072,1702
3454,23938,24072,1702
3455,23937,24073,1701
3456,23937,24073,1701
3457,23940,24075,1701
3458,23940,24078,1701
3459,23940,24078,1701
3460,23939,24078,1701
3461,23939,24079,1701
3462,23937,24080,1701
3463,23939,24079,1701
3464,23942,24081,1701
3465,23939,24082,1701
3466,23937,24082,1701
3467,23938,24087,1701
3468,23939,24088,1701
3469,23935,24087,1701
3470,23936,24083,1701
3471,23938,24081,1701
3472,23938,24083,1701
3473,23939,24082,1701
3474,23937,24080,1701
3475,23937,24081,1701
3476,23936,24083,1701
3477,23939,24082,1701
3478,23934,24080,1701
3479,23938,24080,1701
3480,23935,24078,1701
3481,23936,24078,1701
3482,23934,24083,1701
3483,23936,24083,1701
3484,23934,24082,1701
3485,23933,24083,1701
3486,23933,24083,1701
3487,23934,24084,1701
3488,23935,24085,1701
3489,23934,24084,1701
3490,23930,24086,1701
3491,23927,24089,1701
3492,23925,24090,1701
3493,23924,24089,1701
3494,23923,24087,1701
3495,23926,24085,1701
3496,23926,24084,1701
3497,23925,24083,1701
3498,23925,24082,1700
3499,23925,24081,1700
3500,23924,24080,1700
3501,23923,24081,1700
3502,23920,24081,1700
3503,23920,24081,1700
3504,23922,24083,1700
3505,23923,24079,1699
3506,23924,24081,1699
3507,23923,24082,1699
3508,23922,24080,1699
3509,23923,24078,1699
3510,23922,24077,1698
3511,23921,24079,1698
3512,23923,24078,1698
3513,23923,24079,1698
3514,23923,24079,1698
3515,23921,24079,1698
3516,23922,24077,1698
3517,23921,24076,1698
3518,23919,24077,1698
3519,23918,24076,1698
3520,23918,24075,1698
3521,23915,24074,1698
3522,23915,24076,1698
3523,23918,24075,1698
3524,23922,24075,1698
3525,23922,24077,1698
3526,23921,24075,1698
3527,23921,24071,1698
3528,23923,24069,1698
3529,23920,24071,1698
3530,23917,24072,1697
3531,23918,24071,1697
3532,23918,24070,1697
3533,23917,24072,1697
3534,23917,24073,1697
3535,23915,24068,1697
3536,23914,24071,1697
3537,23915,24066,1697
3538,23916,24064,1696
3539,23916,24064,1696
3540,23916,24068,1696
3541,23916,24071,1696
3542,23913,24071,1696
3543,23913,24071,1696
3544,23911,24073,1695
3545,23911,24075,1695
3546,23910,24075,1695
3547,23909,24075,1695
3548,23909,24074,1695
3549,23910,24070,1695
3550,23908,24069,1694
3551,23908,24067,1694
3552,23909,24064,1694
3553,23908,24062,1694
3554,23909,24064,1694
3555,23904,24065,1694
3556,23901,24067,1694
3557,23902,24068,1694
3558,23901,24067,1694
3559,23905,24066,1694
3560,23905,24061,1694
3561,23909,24064,1695
3562,23908,24063,1695
3563,23909,24065,1695
3564,23909,24063,1695
3565,23909,24066,1695
3566,23908,24065,1695
3567,23909,24065,1695
3568,23911,24062,1695
3569,23912,24060,1694
3570,23914,24058,1694
3571,23915,24057,1695
3572,23913,24058,1694
3573,23914,24058,1694
3574,23913,24057,1694
3575,23914,24056,1694
3576,23914,24052,1694
3577,23912,24053,1694
3578,23911,24050,1694
3579,23909,24053,1694
3580,23910,24049,1693
3581,23908,24049,1692
3582,23909,24050,1692
3583,23908,24050,1692
3584,23908,24048,1692
3585,23907,24046,1692
3586,23909,24044,1692
3587,23910,24041,1692
3588,23912,24043,1692
3589,23910,24041,1692
3590,23912,24041,1692
3591,23911,24044,1692
3592,23914,24044,1692
3593,23913,24044,1692
3594,23913,24046,1692
3595,23912,24046,1692
3596,23911,24045,1692
3597,23906,24050,1692
3598,23909,24049,1692
3599,23910,24052,1692
3600,23911,24054,1692
3601,23910,24056,1692
3602,23913,24059,1692
3603,23913,24059,1692
3604,23915,24061,1692
3605,23917,24063,1692
3606,23915,24062,1692
3607,23914,24063,1692
3608,23914,24060,1692
3609,23916,24059,1692
3610,23911,24059,1692
3611,23913,24057,1692
3612,23913,24057,1692
3613,23914,24056,1692
3614,23914,24058,1692
3615,23914,24057,1692
3616,23915,24055,1692
3617,23909,24053,1692
3618,23911,24052,1692
3619,23910,24052,1691
3620,23909,24053,1691
3621,23910,24056,1691
3622,23909,24055,1691
3623,23911,24055,1691
3624,23914,24054,1691
3625,23913,24052,1691
3626,23912,24053,1691
3627,23913,24054,1691
3628,23914,24051,1691
3629,23916,24049,1691
3630,23916,24044,1691
3631,23913,24046,1690
3632,23913,24044,1690
3633,23910,24045,1690
3634,23910,24046,1690
3635,23911,24047,1690
3636,23911,24045,1690
3637,23911,24045,1690
3638,23913,24044,1690
3639,23916,24045,1690
3640,23916,24044,1690
3641,23916,24044,1690
3642,23918,24048,1690
3643,23919,24049,1690
3644,23919,24047,1690
3645,23918,24046,1690
3646,23918,24045,1690
3647,23920,24047,1690
3648,23921,24047,1690
3649,23918,24049,1690
3650,23921,24052,1690
