DAY,FEMALE,MALE,ZOMBIE
0,79271,78268,2
1,79270,78270,3
2,79312,78316,4
3,79361,78366,4
4,79410,78409,5
5,79470,78466,5
6,79528,78541,5
7,79566,78603,5
8,79644,78674,5
9,79701,78732,5
10,79757,78793,6
11,79811,78860,6
12,79863,78911,7
13,79911,78964,8
14,79975,79015,8
15,80027,79060,9
16,80086,79096,10
17,80123,79154,10
18,80172,79193,10
19,80221,79236,11
20,80261,79272,11
21,80303,79315,11
22,80340,79349,11
23,80370,79387,11
24,80418,79426,11
25,80457,79461,11
26,80490,79492,13
27,80528,79535,15
28,80557,79566,15
29,80595,79595,16
30,80623,79634,17
31,80673,79661,18
32,80690,79687,18
33,80720,79714,19
34,80755,79750,20
35,80782,79782,20
36,80811,79809,21
37,80824,79845,21
38,80861,79866,23
39,80886,79888,25
40,80908,79912,27
41,80932,79934,30
42,80949,79956,30
43,80985,79973,30
44,81006,79995,30
45,81026,80016,31
46,81042,80041,31
47,81070,80063,31
48,81107,80092,31
49,81129,80114,31
50,81132,80133,32
51,81152,80162,32
52,81178,80184,33
53,81197,80211,34
54,81217,80232,35
55,81240,80250,36
56,81265,80278,36
57,81279,80293,37
58,81297,80318,37
59,81314,80342,38
60,81337,80368,40
61,81367,80391,41
62,81381,80406,43
63,81403,80425,45
64,81417,80443,46
65,81443,80460,47
66,81458,80485,47
67,81477,80505,49
68,81491,80527,50
69,81508,80538,51
70,81518,80548,53
71,81533,80560,53
72,81553,80575,57
73,81570,80594,57
74,81582,80606,60
75,81604,80622,62
76,81622,80625,64
77,81641,80651,65
78,81656,80662,68
79,81672,80684,70
80,81699,80701,71
81,81717,80716,74
82,81735,80729,75
83,81760,80742,76
84,81781,80743,78
85,81781,80774,80
86,81791,80792,82
87,81809,80816,83
88,81837,80834,84
89,81851,80857,86
90,81873,80866,90
91,81882,80881,92
92,81905,80900,93
93,81919,80922,95
94,81935,80948,95
95,81947,80973,95
96,81964,80985,95
97,81977,80998,97
98,82008,81011,99
99,82027,81022,101
100,82041,81041,102
101,82057,81063,105
102,82071,81068,107
103,82090,81085,109
104,82112,81099,112
105,82124,81117,115
106,82148,81127,117
107,82153,81134,120
108,82165,81152,122
109,82187,81165,123
110,82197,81188,124
111,82218,81206,126
112,82230,81212,130
113,82251,81219,131
114,82261,81232,132
115,82264,81253,135
116,82274,81261,136
117,82294,81278,136
118,82320,81292,138
119,82332,81302,143
120,82337,81315,147
121,82351,81334,149
122,82370,81351,149
123,82380,81359,151
124,82400,81378,151
125,82406,81387,154
126,82418,81398,156
127,82428,81422,159
128,82433,81424,161
129,82445,81442,161
130,82462,81450,161
131,82468,81464,162
132,82477,81477,162
133,82485,81482,162
134,82500,81491,163
135,82511,81499,166
136,82524,81513,166
137,82534,81534,168
138,82553,81537,169
139,82567,81542,173
140,82578,81558,176
141,82583,81563,177
142,82598,81578,179
143,82607,81585,181
144,82610,81602,184
145,82630,81622,184
146,82641,81635,188
147,82655,81646,191
148,82664,81643,192
149,82683,81656,192
150,82691,81673,192
151,82701,81688,193
152,82712,81705,197
153,82723,81713,198
154,82740,81723,199
155,82751,81731,206
156,82765,81745,207
157,82780,81752,208
158,82789,81770,209
159,82798,81783,210
160,82808,81798,210
161,82818,81803,212
162,82833,81824,214
163,82842,81840,214
164,82848,81854,215
165,82860,81860,215
166,82866,81874,217
167,82871,81886,217
168,82878,81899,220
169,82884,81919,221
170,82898,81929,223
171,82920,81944,224
172,82935,81961,224
173,82948,81968,225
174,82961,81970,226
175,82981,81996,226
176,82997,82003,226
177,83008,82008,229
178,83017,82017,231
179,83027,82021,234
180,83030,82041,237
181,83038,82056,238
182,83041,82067,241
183,83048,82081,243
184,83054,82091,244
185,83067,82100,247
186,83075,82121,250
187,83087,82137,251
188,83102,82148,253
189,83109,82153,255
190,83126,82170,258
191,83142,82186,259
192,83149,82201,259
193,83154,82204,263
194,83155,82211,267
195,83171,82227,267
196,83183,82245,269
197,83188,82261,270
198,83194,82265,273
199,83201,82285,273
200,83211,82291,273
201,83226,82294,272
202,83237,82294,272
203,83248,82304,274
204,83267,82300,278
205,83280,82314,281
206,83298,82323,283
207,83305,82327,283
208,83313,82334,286
209,83323,82345,289
210,83328,82354,289
211,83340,82373,293
212,83352,82379,296
213,83357,82392,298
214,83363,82410,302
215,83370,82409,304
216,83386,82415,305
217,83402,82432,308
218,83416,82444,310
219,83441,82454,313
220,83470,82458,314
221,83476,82469,317
222,83481,82477,321
223,83491,82489,324
224,83496,82502,327
225,83502,82513,328
226,83513,82513,329
227,83522,82528,333
228,83538,82549,334
229,83546,82557,334
230,83566,82564,335
231,83580,82571,337
232,83588,82587,338
233,83604,82585,340
234,83611,82600,343
235,83618,82619,343
236,83632,82622,343
237,83644,82628,347
238,83652,82641,351
239,83659,82654,354
240,83663,82671,356
241,83666,82676,361
242,83677,82683,363
243,83686,82690,366
244,83690,82704,368
245,83706,82707,370
246,83708,82716,374
247,83718,82724,378
248,83725,82736,379
249,83741,82748,381
250,83743,82754,383
251,83751,82760,387
252,83757,82776,389
253,83758,82794,391
254,83768,82803,396
255,83781,82807,400
256,83791,82813,403
257,83805,82825,404
258,83822,82844,404
259,83837,82858,407
260,83848,82866,408
261,83859,82868,408
262,83873,82871,412
263,83884,82873,416
264,83899,82878,418
265,83910,82889,421
266,83919,82897,422
267,83929,82902,426
268,83950,82912,435
269,83961,82910,438
270,83967,82915,441
271,83985,82920,445
272,83983,82924,448
273,83986,82925,452
274,83993,82931,456
275,83996,82939,459
276,84010,82949,462
277,84012,82955,466
278,84025,82965,470
279,84030,82967,475
280,84035,82975,478
281,84047,82998,481
282,84053,83004,484
283,84068,83018,486
284,84072,83029,488
285,84076,83041,489
286,84087,83045,491
287,84102,83057,492
288,84112,83066,494
289,84120,83065,496
290,84126,83067,498
291,84130,83075,498
292,84132,83083,501
293,84138,83091,506
294,84148,83096,512
295,84156,83089,514
296,84158,83100,517
297,84159,83113,519
298,84162,83114,524
299,84164,83121,529
300,84175,83133,531
301,84178,83133,534
302,84193,83147,538
303,84205,83157,538
304,84220,83167,540
305,84230,83181,543
306,84236,83190,547
307,84252,83198,552
308,84256,83212,555
309,84259,83223,558
310,84270,83239,561
311,84279,83256,564
312,84284,83268,566
313,84295,83278,570
314,84289,83281,573
315,84294,83290,577
316,84301,83297,580
317,84316,83313,583
318,84333,83316,584
319,84341,83321,588
320,84346,83332,592
321,84352,83347,595
322,84362,83356,597
323,84379,83363,599
324,84390,83368,603
325,84393,83383,605
326,84394,83397,606
327,84406,83403,607
328,84409,83413,611
329,84419,83423,613
330,84426,83436,614
331,84430,83433,617
332,84432,83444,618
333,84437,83460,623
334,84445,83467,626
335,84458,83466,627
336,84466,83468,629
337,84473,83473,633
338,84490,83482,635
339,84489,83488,639
340,84496,83500,643
341,84503,83514,647
342,84509,83535,648
343,84518,83542,652
344,84532,83547,655
345,84533,83553,657
346,84546,83564,660
347,84556,83575,662
348,84564,83579,665
349,84566,83590,669
350,84574,83593,675
351,84577,83603,679
352,84582,83615,681
353,84594,83615,683
354,84593,83631,685
355,84597,83636,686
356,84607,83636,689
357,84615,83640,694
358,84621,83653,697
359,84625,83657,699
360,84634,83666,701
361,84636,83678,707
362,84636,83684,710
363,84636,83677,716
364,84649,83677,717
365,84649,83677,720
366,84651,83690,723
367,84655,83702,724
368,84664,83710,726
369,84672,83717,730
370,84684,83723,732
371,84679,83733,736
372,84684,83748,738
373,84688,83758,740
374,84695,83776,746
375,84706,83779,748
376,84706,83788,753
377,84709,83791,757
378,84720,83791,761
379,84728,83789,762
380,84731,83799,766
381,84729,83805,775
382,84731,83811,777
383,84739,83819,781
384,84747,83833,789
385,84753,83844,790
386,84760,83851,796
387,84763,83869,798
388,84775,83873,800
389,84781,83874,806
390,84794,83884,810
391,84803,83890,815
392,84811,83895,820
393,84816,83905,826
394,84824,83914,831
395,84831,83921,838
396,84842,83920,841
397,84843,83934,845
398,84854,83935,853
399,84856,83945,856
400,84873,83956,859
401,84884,83965,862
402,84890,83975,868
403,84892,83973,874
404,84897,83978,879
405,84904,83982,880
406,84909,83994,888
407,84917,84010,891
408,84930,84003,898
409,84937,84002,901
410,84950,84003,908
411,84958,84015,914
412,84968,84018,917
413,84971,84024,919
414,84973,84035,923
415,84979,84040,927
416,84989,84045,932
417,84993,84056,937
418,84998,84066,941
419,85001,84078,946
420,85002,84084,950
421,85009,84088,955
422,85019,84094,958
423,85027,84097,962
424,85034,84099,967
425,85046,84107,971
426,85057,84112,975
427,85059,84121,985
428,85067,84136,989
429,85068,84141,997
430,85071,84150,1001
431,85072,84154,1004
432,85076,84159,1007
433,85079,84172,1011
434,85077,84176,1017
435,85077,84182,1024
436,85088,84192,1027
437,85107,84189,1029
438,85110,84192,1038
439,85121,84194,1042
440,85118,84195,1047
441,85125,84194,1051
442,85133,84198,1054
443,85133,84203,1062
444,85143,84208,1065
445,85144,84213,1073
446,85152,84225,1079
447,85145,84236,1084
448,85150,84243,1087
449,85163,84258,1089
450,85159,84259,1097
451,85162,84265,1101
452,85170,84269,1106
453,85170,84273,1107
454,85168,84279,1112
455,85177,84281,1119
456,85174,84284,1124
457,85180,84289,1132
458,85183,84299,1137
459,85196,84307,1142
460,85205,84314,1146
461,85207,84322,1147
462,85209,84324,1151
463,85214,84324,1156
464,85212,84328,1161
465,85216,84329,1166
466,85221,84334,1169
467,85237,84350,1173
468,85238,84360,1180
469,85242,84365,1183
470,85244,84363,1190
471,85253,84371,1198
472,85257,84388,1202
473,85267,84394,1204
474,85274,84399,1208
475,85277,84403,1214
476,85284,84402,1219
477,85291,84408,1222
478,85293,84412,1226
479,85294,84414,1229
480,85300,84422,1231
481,85295,84429,1237
482,85304,84433,1241
483,85317,84441,1243
484,85326,84448,1247
485,85327,84453,1250
486,85331,84454,1251
487,85338,84457,1256
488,85341,84463,1262
489,85344,84470,1267
490,85356,84471,1274
491,85358,84474,1281
492,85373,84468,1287
493,85384,84472,1288
494,85385,84483,1292
495,85395,84495,1295
496,85400,84491,1297
497,85409,84495,1298
498,85425,84503,1300
499,85433,84509,1301
500,85435,84515,1304
501,85445,84520,1311
502,85451,84530,1316
503,85458,84540,1323
504,85474,84538,1329
505,85480,84545,1334
506,85484,84550,1338
507,85500,84552,1340
508,85500,84555,1348
509,85506,84564,1353
510,85505,84574,1357
511,85507,84575,1364
512,85510,84575,1368
513,85511,84581,1372
514,85515,84585,1379
515,85520,84596,1384
516,85534,84605,1390
517,85536,84607,1395
518,85547,84612,1396
519,85554,84620,1401
520,85559,84617,1405
521,85564,84618,1409
522,85576,84622,1415
523,85575,84629,1418
524,85576,84636,1418
525,85585,84642,1423
526,85594,84650,1428
527,85588,84661,1432
528,85589,84673,1438
529,85594,84685,1443
530,85602,84693,1449
531,85605,84694,1452
532,85614,84700,1458
533,85610,84710,1461
534,85613,84717,1464
535,85621,84718,1469
536,85632,84731,1470
537,85637,84740,1475
538,85638,84744,1478
539,85643,84745,1484
540,85646,84746,1490
541,85650,84747,1491
542,85660,84745,1495
543,85666,84751,1497
544,85670,84753,1508
545,85672,84750,1514
546,85664,84768,1517
547,85672,84781,1522
548,85675,84783,1526
549,85689,84790,1529
550,85697,84793,1531
551,85702,84800,1534
552,85702,84806,1536
553,85709,84814,1538
554,85712,84822,1543
555,85710,84829,1548
556,85715,84828,1558
557,85718,84822,1562
558,85730,84828,1566
559,85740,84831,1573
560,85750,84836,1576
561,85749,84835,1579
562,85767,84843,1582
563,85770,84847,1587
564,85770,84846,1591
565,85777,84854,1593
566,85778,84866,1598
567,85788,84871,1600
568,85802,84870,1605
569,85806,84883,1609
570,85810,84884,1613
571,85816,84892,1620
572,85815,84896,1622
573,85826,84902,1627
574,85831,84908,1628
575,85840,84905,1633
576,85850,84922,1637
577,85860,84922,1643
578,85869,84925,1650
579,85878,84927,1659
580,85873,84932,1666
581,85883,84934,1667
582,85891,84944,1671
583,85885,84950,1676
584,85888,84957,1681
585,85883,84967,1687
586,85880,84966,1690
587,85888,84967,1695
588,85893,84976,1700
589,85899,84982,1703
590,85906,84984,1707
591,85914,84989,1712
592,85908,84991,1714
593,85905,84997,1716
594,85908,85009,1719
595,85908,85012,1726
596,85912,85019,1730
597,85925,85019,1734
598,85922,85020,1743
599,85934,85021,1749
600,85942,85030,1750
601,85948,85036,1755
602,85954,85036,1761
603,85962,85042,1765
604,85965,85052,1767
605,85967,85064,1772
606,85969,85067,1776
607,85974,85068,1782
608,85976,85076,1785
609,85985,85089,1786
610,85985,85090,1788
611,85992,85095,1788
612,86004,85092,1793
613,86008,85095,1796
614,86014,85105,1801
615,86025,85115,1802
616,86028,85121,1808
617,86033,85124,1815
618,86034,85130,1819
619,86038,85131,1822
620,86041,85138,1826
621,86043,85137,1833
622,86048,85132,1837
623,86052,85132,1844
624,86039,85137,1850
625,86042,85142,1854
626,86052,85150,1857
627,86060,85156,1863
628,86069,85167,1866
629,86073,85164,1868
630,86075,85174,1871
631,86080,85185,1876
632,86084,85187,1884
633,86091,85195,1891
634,86103,85199,1894
635,86107,85202,1898
636,86113,85207,1904
637,86120,85218,1909
638,86114,85234,1916
639,86114,85235,1923
640,86120,85235,1930
641,86124,85244,1933
642,86126,85247,1938
643,86127,85253,1946
644,86130,85256,1953
645,86133,85266,1960
646,86134,85270,1965
647,86148,85268,1969
648,86153,85267,1973
649,86162,85271,1975
650,86167,85275,1982
651,86168,85283,1991
652,86176,85279,2001
653,86177,85288,2005
654,86183,85290,2009
655,86189,85283,2011
656,86195,85283,2017
657,86195,85281,2022
658,86204,85286,2025
659,86202,85303,2032
660,86198,85306,2036
661,86199,85312,2041
662,86203,85322,2048
663,86209,85318,2056
664,86218,85320,2060
665,86222,85326,2065
666,86228,85331,2066
667,86234,85336,2070
668,86240,85340,2076
669,86249,85343,2078
670,86258,85359,2079
671,86264,85359,2085
672,86269,85364,2091
673,86272,85365,2095
674,86279,85369,2100
675,86281,85379,2106
676,86277,85387,2113
677,86278,85385,2120
678,86279,85380,2129
679,86281,85382,2137
680,86286,85392,2142
681,86286,85391,2148
682,86296,85400,2155
683,86297,85396,2160
684,86301,85400,2166
685,86311,85412,2167
686,86316,85412,2171
687,86322,85421,2181
688,86326,85429,2184
689,86322,85436,2193
690,86323,85442,2201
691,86319,85446,2211
692,86324,85452,2214
693,86326,85458,2219
694,86330,85464,2224
695,86332,85475,2234
696,86328,85481,2241
697,86329,85483,2248
698,86326,85491,2255
699,86326,85500,2263
700,86328,85502,2268
701,86336,85499,2271
702,86346,85500,2280
703,86354,85502,2287
704,86368,85500,2293
705,86370,85503,2297
706,86368,85507,2308
707,86365,85511,2316
708,86366,85517,2321
709,86367,85518,2327
710,86379,85525,2333
711,86379,85529,2341
712,86373,85526,2353
713,86370,85533,2361
714,86369,85534,2372
715,86366,85543,2379
716,86373,85545,2385
717,86369,85554,2391
718,86373,85548,2400
719,86383,85552,2406
720,86384,85546,2418
721,86386,85555,2427
722,86383,85555,2439
723,86388,85552,2450
724,86394,85559,2462
725,86388,85557,2473
726,86387,85558,2485
727,86379,85549,2507
728,86383,85552,2522
729,86382,85543,2538
730,86386,85539,2552
731,86387,85533,2569
732,86384,85526,2593
733,86393,85530,2607
734,86394,85531,2619
735,86381,85524,2633
736,86378,85520,2653
737,86376,85511,2672
738,86380,85514,2688
739,86376,85514,2705
740,86377,85506,2727
741,86372,85492,2754
742,86358,85488,2781
743,86356,85471,2805
744,86350,85472,2823
745,86343,85464,2847
746,86337,85466,2869
747,86333,85468,2892
748,86329,85463,2912
749,86327,85455,2936
750,86333,85447,2963
751,86323,85437,2992
752,86321,85426,3024
753,86312,85413,3055
754,86299,85398,3085
755,86287,85408,3111
756,86289,85402,3126
757,86286,85397,3145
758,86283,85391,3168
759,86275,85395,3188
760,86265,85390,3213
761,86258,85379,3237
762,86254,85375,3256
763,86249,85368,3282
764,86248,85367,3301
765,86239,85346,3326
766,86238,85347,3347
767,86238,85336,3366
768,86232,85332,3388
769,86221,85329,3409
770,86212,85336,3421
771,86204,85333,3444
772,86201,85332,3461
773,86201,85328,3477
774,86205,85321,3497
775,86209,85316,3519
776,86199,85308,3539
777,86200,85306,3557
778,86194,85297,3576
779,86186,85293,3595
780,86195,85282,3618
781,86193,85277,3643
782,86188,85265,3666
783,86180,85272,3681
784,86180,85263,3702
785,86175,85263,3723
786,86179,85261,3733
787,86174,85262,3743
788,86173,85260,3754
789,86172,85251,3772
790,86164,85255,3788
791,86162,85266,3811
792,86147,85263,3834
793,86151,85252,3854
794,86147,85247,3877
795,86151,85242,3889
796,86144,85246,3905
797,86146,85233,3923
798,86149,85229,3935
799,86147,85233,3950
800,86140,85243,3972
801,86135,85237,3996
802,86131,85238,4022
803,86113,85239,4050
804,86109,85233,4081
805,86107,85214,4109
806,86106,85205,4134
807,86099,85191,4157
808,86098,85188,4178
809,86099,85186,4196
810,86089,85175,4217
811,86084,85176,4234
812,86081,85172,4253
813,86089,85169,4266
814,86079,85161,4288
815,86075,85156,4308
816,86074,85147,4324
817,86071,85146,4339
818,86075,85148,4352
819,86077,85146,4368
820,86080,85150,4383
821,86080,85152,4398
822,86078,85161,4412
823,86078,85165,4422
824,86077,85166,4433
825,86074,85161,4450
826,86079,85170,4464
827,86085,85168,4472
828,86079,85173,4490
829,86077,85174,4505
830,86087,85176,4513
831,86089,85175,4524
832,86091,85181,4529
833,86095,85186,4535
834,86104,85182,4541
835,86098,85185,4553
836,86097,85181,4567
837,86095,85175,4585
838,86090,85178,4600
839,86088,85181,4611
840,86090,85180,4624
841,86091,85174,4636
842,86092,85169,4652
843,86094,85174,4662
844,86095,85182,4668
845,86090,85173,4682
846,86087,85172,4697
847,86088,85165,4707
848,86085,85160,4725
849,86084,85147,4750
850,86080,85149,4769
851,86075,85145,4793
852,86068,85140,4819
853,86061,85135,4843
854,86054,85136,4867
855,86044,85125,4901
856,86038,85113,4930
857,86022,85104,4967
858,86018,85081,5000
859,86004,85081,5029
860,85992,85072,5058
861,85979,85056,5104
862,85968,85040,5138
863,85952,85032,5178
864,85943,85024,5207
865,85941,85011,5239
866,85941,85000,5268
867,85939,84992,5291
868,85938,84991,5311
869,85928,84979,5340
870,85915,84970,5359
871,85918,84964,5376
872,85911,84957,5398
873,85912,84962,5408
874,85916,84956,5420
875,85906,84963,5435
876,85907,84957,5453
877,85902,84958,5468
878,85895,84952,5482
879,85887,84945,5501
880,85877,84939,5517
881,85877,84934,5531
882,85871,84924,5547
883,85872,84917,5568
884,85868,84911,5580
885,85868,84905,5597
886,85847,84902,5619
887,85848,84900,5629
888,85849,84900,5647
889,85849,84890,5668
890,85849,84887,5683
891,85857,84881,5704
892,85858,84872,5726
893,85857,84861,5749
894,85859,84866,5771
895,85858,84847,5794
896,85861,84839,5811
897,85853,84828,5834
898,85837,84820,5857
899,85836,84808,5881
900,85828,84804,5900
901,85829,84806,5920
902,85824,84804,5939
903,85818,84805,5958
904,85812,84808,5970
905,85801,84806,5988
906,85803,84805,5999
907,85798,84798,6012
908,85802,84794,6021
909,85804,84788,6035
910,85803,84786,6044
911,85801,84769,6062
912,85796,84769,6072
913,85797,84770,6081
914,85791,84772,6096
915,85797,84777,6105
916,85811,84768,6119
917,85809,84762,6133
918,85804,84750,6153
919,85799,84741,6170
920,85801,84728,6194
921,85795,84726,6217
922,85786,84707,6246
923,85779,84709,6264
924,85780,84710,6286
925,85771,84715,6308
926,85764,84707,6331
927,85755,84701,6359
928,85745,84693,6393
929,85734,84694,6423
930,85732,84686,6450
931,85724,84684,6480
932,85719,84687,6502
933,85714,84680,6527
934,85709,84682,6549
935,85704,84677,6571
936,85704,84678,6592
937,85697,84672,6620
938,85686,84667,6644
939,85673,84659,6670
940,85659,84646,6701
941,85641,84639,6729
942,85628,84634,6759
943,85622,84631,6789
944,85622,84615,6821
945,85619,84601,6840
946,85604,84595,6874
947,85589,84592,6899
948,85583,84586,6926
949,85570,84573,6953
950,85560,84568,6978
951,85553,84564,7001
952,85549,84546,7039
953,85531,84535,7073
954,85529,84511,7105
955,85513,84507,7144
956,85494,84498,7175
957,85486,84484,7203
958,85477,84481,7220
959,85462,84483,7247
960,85466,84472,7270
961,85455,84468,7292
962,85445,84471,7320
963,85437,84454,7346
964,85420,84444,7378
965,85412,84441,7401
966,85395,84435,7429
967,85383,84420,7464
968,85369,84408,7500
969,85356,84402,7526
970,85350,84393,7556
971,85340,84382,7586
972,85325,84371,7618
973,85310,84376,7641
974,85292,84374,7664
975,85270,84372,7697
976,85255,84361,7725
977,85241,84352,7761
978,85231,84345,7788
979,85222,84337,7820
980,85218,84334,7847
981,85205,84329,7874
982,85197,84322,7905
983,85191,84319,7928
984,85190,84315,7945
985,85187,84310,7963
986,85182,84300,7982
987,85174,84295,8004
988,85170,84292,8018
989,85172,84295,8032
990,85165,84303,8047
991,85165,84307,8059
992,85161,84299,8080
993,85147,84304,8100
994,85145,84300,8112
995,85142,84300,8124
996,85145,84301,8136
997,85135,84296,8155
998,85131,84300,8166
999,85131,84300,8177
1000,85123,84304,8196
1001,85126,84304,8212
1002,85116,84305,8232
1003,85107,84303,8253
1004,85103,84298,8272
1005,85088,84300,8298
1006,85088,84295,8319
1007,85081,84289,8347
1008,85076,84285,8367
1009,85065,84285,8397
1010,85059,84281,8428
1011,85041,84289,8451
1012,85027,84273,8482
1013,85015,84274,8510
1014,85006,84258,8543
1015,84999,84252,8574
1016,84984,84243,8616
1017,84970,84239,8646
1018,84949,84235,8683
1019,84936,84219,8724
1020,84921,84204,8764
1021,84900,84180,8806
1022,84869,84178,8845
1023,84852,84163,8882
1024,84837,84155,8918
1025,84829,84143,8959
1026,84814,84137,8992
1027,84798,84128,9029
1028,84780,84121,9059
1029,84780,84121,9080
1030,84770,84118,9107
1031,84770,84112,9126
1032,84767,84103,9148
1033,84759,84097,9171
1034,84751,84079,9191
1035,84745,84078,9209
1036,84745,84072,9222
1037,84742,84062,9236
1038,84749,84052,9250
1039,84753,84042,9259
1040,84753,84032,9277
1041,84739,84029,9290
1042,84735,84031,9304
1043,84735,84010,9326
1044,84729,84011,9347
1045,84728,84010,9368
1046,84721,84011,9396
1047,84702,84002,9424
1048,84698,84000,9442
1049,84689,83997,9464
1050,84685,83995,9482
1051,84678,83986,9508
1052,84673,83987,9522
1053,84662,83986,9541
1054,84644,83978,9572
1055,84637,83979,9588
1056,84638,83974,9607
1057,84626,83971,9626
1058,84628,83958,9648
1059,84613,83966,9670
1060,84600,83961,9692
1061,84591,83948,9720
1062,84590,83942,9732
1063,84586,83936,9750
1064,84573,83919,9782
1065,84564,83910,9813
1066,84546,83899,9843
1067,84536,83891,9870
1068,84528,83885,9894
1069,84522,83872,9922
1070,84515,83865,9953
1071,84498,83857,9987
1072,84496,83845,10013
1073,84485,83828,10045
1074,84473,83804,10081
1075,84462,83796,10101
1076,84454,83797,10117
1077,84444,83798,10137
1078,84436,83791,10160
1079,84426,83779,10181
1080,84423,83768,10201
1081,84413,83755,10231
1082,84416,83746,10249
1083,84412,83733,10284
1084,84408,83726,10308
1085,84404,83716,10335
1086,84392,83701,10375
1087,84380,83695,10406
1088,84374,83686,10427
1089,84361,83677,10454
1090,84342,83666,10488
1091,84325,83647,10523
1092,84315,83641,10550
1093,84313,83633,10579
1094,84300,83634,10606
1095,84290,83627,10625
1096,84285,83617,10645
1097,84266,83616,10679
1098,84262,83605,10706
1099,84251,83604,10734
1100,84251,83592,10762
1101,84250,83591,10779
1102,84241,83584,10801
1103,84241,83583,10816
1104,84233,83567,10839
1105,84223,83551,10865
1106,84217,83541,10887
1107,84215,83528,10912
1108,84213,83515,10941
1109,84202,83499,10971
1110,84198,83487,11004
1111,84185,83478,11030
1112,84182,83476,11050
1113,84182,83469,11071
1114,84175,83466,11098
1115,84164,83467,11121
1116,84158,83470,11139
1117,84146,83463,11162
1118,84143,83461,11181
1119,84129,83456,11201
1120,84124,83452,11216
1121,84121,83456,11225
1122,84121,83454,11235
1123,84111,83453,11252
1124,84111,83441,11271
1125,84111,83432,11291
1126,84102,83421,11303
1127,84097,83408,11329
1128,84106,83409,11347
1129,84099,83415,11364
1130,84089,83413,11390
1131,84089,83401,11410
1132,84083,83393,11432
1133,84075,83385,11458
1134,84068,83377,11480
1135,84061,83369,11509
1136,84047,83354,11536
1137,84039,83346,11556
1138,84033,83334,11583
1139,84024,83321,11609
1140,84022,83309,11631
1141,84004,83295,11663
1142,83997,83272,11703
1143,83983,83257,11741
1144,83967,83247,11781
1145,83944,83226,11831
1146,83931,83208,11870
1147,83909,83195,11913
1148,83898,83176,11953
1149,83879,83153,11998
1150,83853,83152,12032
1151,83843,83139,12063
1152,83820,83128,12101
1153,83808,83123,12132
1154,83799,83102,12167
1155,83789,83085,12200
1156,83794,83074,12226
1157,83772,83061,12256
1158,83761,83052,12283
1159,83738,83035,12326
1160,83719,83021,12367
1161,83705,83015,12396
1162,83697,83008,12419
1163,83686,83004,12436
1164,83679,82995,12455
1165,83670,82989,12484
1166,83662,82975,12513
1167,83657,82977,12532
1168,83638,82974,12552
1169,83626,82964,12581
1170,83614,82962,12601
1171,83612,82957,12622
1172,83596,82952,12642
1173,83592,82943,12662
1174,83582,82933,12692
1175,83575,82927,12713
1176,83579,82927,12730
1177,83581,82925,12747
1178,83575,82911,12771
1179,83568,82911,12790
1180,83554,82904,12814
1181,83549,82904,12835
1182,83540,82888,12867
1183,83533,82887,12887
1184,83525,82882,12908
1185,83515,82891,12930
1186,83505,82888,12955
1187,83490,82884,12987
1188,83485,82876,13013
1189,83472,82864,13040
1190,83459,82867,13062
1191,83452,82854,13092
1192,83444,82851,13115
1193,83430,82849,13140
1194,83411,82844,13168
1195,83397,82841,13195
1196,83375,82835,13228
1197,83374,82832,13247
1198,83375,82820,13270
1199,83366,82831,13287
1200,83343,82824,13314
1201,83332,82817,13342
1202,83320,82806,13357
1203,83310,82807,13377
1204,83322,82802,13395
1205,83312,82790,13415
1206,83311,82786,13429
1207,83306,82781,13455
1208,83303,82762,13482
1209,83289,82752,13507
1210,83284,82741,13533
1211,83274,82734,13554
1212,83263,82737,13575
1213,83251,82737,13594
1214,83232,82736,13622
1215,83227,82731,13641
1216,83204,82722,13670
1217,83192,82711,13697
1218,83181,82700,13727
1219,83168,82690,13758
1220,83153,82687,13790
1221,83139,82677,13822
1222,83123,82676,13849
1223,83111,82672,13875
1224,83099,82662,13899
1225,83085,82649,13933
1226,83068,82639,13963
1227,83060,82628,13986
1228,83041,82612,14020
1229,83031,82595,14050
1230,83020,82582,14079
1231,83007,82568,14112
1232,82996,82548,14134
1233,82994,82549,14151
1234,82983,82546,14171
1235,82973,82536,14190
1236,82965,82529,14211
1237,82952,82521,14237
1238,82953,82513,14256
1239,82935,82511,14278
1240,82926,82500,14305
1241,82921,82488,14333
1242,82911,82474,14366
1243,82903,82463,14386
1244,82906,82459,14408
1245,82901,82453,14433
1246,82894,82448,14460
1247,82883,82442,14486
1248,82880,82439,14506
1249,82867,82427,14534
1250,82861,82421,14559
1251,82847,82420,14587
1252,82830,82407,14625
1253,82813,82397,14656
1254,82800,82393,14682
1255,82790,82374,14716
1256,82783,82361,14743
1257,82783,82345,14775
1258,82767,82332,14806
1259,82746,82326,14837
1260,82733,82312,14873
1261,82727,82301,14896
1262,82722,82286,14925
1263,82706,82287,14946
1264,82696,82272,14970
1265,82696,82267,14986
1266,82683,82263,15014
1267,82686,82251,15035
1268,82673,82245,15062
1269,82662,82246,15076
1270,82654,82241,15097
1271,82656,82234,15122
1272,82653,82222,15141
1273,82639,82217,15163
1274,82631,82202,15191
1275,82619,82204,15208
1276,82616,82207,15227
1277,82610,82204,15244
1278,82610,82209,15256
1279,82606,82198,15277
1280,82606,82197,15290
1281,82594,82193,15311
1282,82589,82184,15330
1283,82581,82185,15347
1284,82580,82171,15370
1285,82575,82162,15392
1286,82568,82153,15420
1287,82558,82147,15434
1288,82568,82140,15450
1289,82566,82143,15467
1290,82554,82135,15490
1291,82553,82118,15511
1292,82545,82108,15532
1293,82533,82109,15556
1294,82526,82084,15587
1295,82524,82081,15602
1296,82516,82068,15633
1297,82504,82061,15661
1298,82496,82045,15684
1299,82487,82042,15716
1300,82485,82022,15747
1301,82477,82007,15780
1302,82468,82001,15806
1303,82457,81983,15845
1304,82453,81962,15881
1305,82439,81945,15915
1306,82430,81938,15949
1307,82409,81919,15987
1308,82394,81907,16015
1309,82373,81887,16061
1310,82353,81874,16102
1311,82338,81862,16134
1312,82323,81841,16174
1313,82304,81830,16213
1314,82288,81830,16238
1315,82276,81813,16273
1316,82268,81795,16306
1317,82241,81786,16346
1318,82218,81776,16382
1319,82202,81755,16429
1320,82189,81745,16461
1321,82174,81724,16495
1322,82161,81711,16526
1323,82157,81696,16557
1324,82157,81675,16586
1325,82147,81661,16619
1326,82126,81661,16654
1327,82121,81648,16679
1328,82107,81641,16705
1329,82102,81633,16730
1330,82092,81615,16757
1331,82082,81604,16784
1332,82074,81590,16814
1333,82071,81585,16836
1334,82059,81581,16855
1335,82051,81574,16878
1336,82037,81563,16902
1337,82027,81557,16928
1338,82025,81549,16945
1339,82009,81547,16968
1340,82000,81534,16993
1341,81999,81524,17013
1342,81989,81511,17041
1343,81980,81504,17066
1344,81966,81492,17092
1345,81954,81486,17111
1346,81939,81479,17144
1347,81935,81471,17163
1348,81927,81463,17190
1349,81922,81451,17214
1350,81915,81430,17250
1351,81901,81417,17288
1352,81879,81411,17328
1353,81858,81397,17368
1354,81835,81373,17414
1355,81812,81363,17459
1356,81797,81347,17490
1357,81780,81335,17534
1358,81747,81321,17586
1359,81723,81301,17648
1360,81707,81279,17696
1361,81693,81262,17739
1362,81667,81249,17788
1363,81648,81238,17829
1364,81637,81222,17868
1365,81616,81215,17901
1366,81608,81205,17933
1367,81597,81200,17965
1368,81590,81189,17999
1369,81575,81177,18025
1370,81565,81172,18045
1371,81554,81165,18070
1372,81541,81157,18099
1373,81529,81155,18120
1374,81517,81148,18142
1375,81507,81139,18162
1376,81488,81135,18185
1377,81474,81118,18215
1378,81460,81112,18239
1379,81462,81094,18264
1380,81455,81086,18285
1381,81435,81083,18310
1382,81430,81072,18332
1383,81416,81066,18361
1384,81408,81054,18384
1385,81389,81044,18406
1386,81382,81039,18429
1387,81366,81029,18455
1388,81352,81025,18479
1389,81343,81017,18505
1390,81320,81010,18549
1391,81300,81001,18583
1392,81290,80997,18610
1393,81269,80998,18643
1394,81245,80984,18683
1395,81230,80976,18708
1396,81215,80964,18746
1397,81205,80955,18774
1398,81193,80948,18803
1399,81178,80938,18829
1400,81161,80938,18854
1401,81147,80933,18890
1402,81128,80929,18919
1403,81111,80915,18949
1404,81097,80911,18977
1405,81074,80896,19016
1406,81061,80888,19043
1407,81046,80883,19070
1408,81032,80865,19103
1409,81033,80846,19136
1410,81033,80837,19161
1411,81020,80825,19183
1412,81011,80817,19211
1413,81006,80806,19239
1414,80992,80790,19267
1415,80990,80772,19295
1416,80983,80757,19330
1417,80969,80735,19372
1418,80961,80714,19412
1419,80949,80685,19445
1420,80940,80677,19477
1421,80931,80660,19518
1422,80927,80635,19549
1423,80903,80615,19592
1424,80890,80605,19630
1425,80876,80591,19662
1426,80863,80574,19701
1427,80847,80566,19735
1428,80834,80563,19761
1429,80822,80554,19787
1430,80806,80538,19823
1431,80799,80528,19851
1432,80791,80516,19878
1433,80783,80505,19907
1434,80778,80485,19935
1435,80753,80469,19970
1436,80737,80464,19994
1437,80724,80457,20021
1438,80700,80447,20057
1439,80693,80433,20096
1440,80682,80422,20122
1441,80665,80407,20162
1442,80655,80382,20202
1443,80639,80361,20242
1444,80631,80342,20281
1445,80614,80332,20319
1446,80604,80325,20351
1447,80576,80313,20396
1448,80558,80292,20441
1449,80543,80272,20481
1450,80529,80253,20519
1451,80512,80234,20563
1452,80502,80211,20605
1453,80493,80197,20640
1454,80487,80181,20677
1455,80476,80160,20715
1456,80457,80135,20760
1457,80440,80120,20801
1458,80417,80100,20847
1459,80408,80076,20889
1460,80386,80068,20930
1461,80373,80054,20964
1462,80358,80046,20999
1463,80340,80034,21037
1464,80306,80016,21083
1465,80290,80003,21115
1466,80269,79992,21153
1467,80255,79983,21186
1468,80244,79970,21215
1469,80222,79962,21256
1470,80201,79955,21285
1471,80189,79931,21323
1472,80168,79917,21362
1473,80151,79908,21399
1474,80139,79895,21427
1475,80121,79877,21468
1476,80112,79869,21499
1477,80097,79852,21533
1478,80084,79844,21562
1479,80073,79837,21593
1480,80051,79834,21623
1481,80031,79821,21660
1482,80015,79805,21689
1483,80013,79798,21707
1484,80005,79789,21727
1485,79996,79777,21753
1486,79988,79772,21775
1487,79972,79760,21807
1488,79955,79757,21835
1489,79936,79751,21863
1490,79920,79746,21888
1491,79910,79737,21912
1492,79902,79729,21929
1493,79897,79723,21949
1494,79889,79718,21972
1495,79876,79713,21994
1496,79862,79704,22018
1497,79844,79701,22043
1498,79827,79695,22067
1499,79811,79687,22091
1500,79792,79684,22124
1501,79778,79673,22156
1502,79769,79654,22187
1503,79753,79652,22215
1504,79742,79642,22242
1505,79730,79631,22275
1506,79713,79616,22309
1507,79705,79598,22345
1508,79691,79580,22385
1509,79670,79577,22414
1510,79660,79562,22445
1511,79654,79544,22470
1512,79639,79532,22497
1513,79631,79519,22522
1514,79619,79507,22549
1515,79604,79480,22584
1516,79604,79459,22613
1517,79589,79445,22640
1518,79583,79433,22665
1519,79576,79421,22692
1520,79573,79407,22715
1521,79558,79399,22742
1522,79550,79398,22765
1523,79537,79390,22789
1524,79527,79377,22826
1525,79529,79361,22847
1526,79526,79354,22876
1527,79508,79345,22902
1528,79490,79328,22935
1529,79477,79310,22968
1530,79462,79297,23005
1531,79445,79289,23035
1532,79426,79270,23073
1533,79420,79260,23099
1534,79408,79249,23128
1535,79386,79247,23155
1536,79369,79222,23189
1537,79361,79206,23220
1538,79339,79196,23254
1539,79329,79174,23292
1540,79318,79161,23327
1541,79298,79148,23363
1542,79283,79129,23403
1543,79274,79117,23439
1544,79266,79095,23479
1545,79250,79071,23519
1546,79219,79054,23563
1547,79202,79032,23604
1548,79184,79013,23648
1549,79166,78995,23695
1550,79141,78971,23750
1551,79125,78955,23792
1552,79102,78944,23837
1553,79077,78933,23879
1554,79060,78917,23924
1555,79037,78895,23967
1556,79015,78873,24013
1557,78988,78861,24064
1558,78968,78841,24114
1559,78946,78816,24164
1560,78927,78800,24197
1561,78917,78790,24236
1562,78904,78767,24276
1563,78879,78756,24313
1564,78863,78745,24345
1565,78853,78730,24370
1566,78838,78718,24401
1567,78826,78718,24427
1568,78823,78706,24448
1569,78807,78702,24476
1570,78803,78693,24501
1571,78800,78690,24511
1572,78790,78680,24538
1573,78787,78671,24557
1574,78774,78659,24585
1575,78761,78645,24614
1576,78747,78642,24639
1577,78747,78629,24655
1578,78729,78625,24677
1579,78717,78609,24702
1580,78713,78599,24726
1581,78701,78592,24752
1582,78691,78584,24782
1583,78681,78569,24811
1584,78675,78560,24843
1585,78665,78546,24864
1586,78652,78535,24902
1587,78639,78524,24937
1588,78621,78496,24981
1589,78601,78481,25015
1590,78586,78459,25067
1591,78562,78445,25114
1592,78548,78425,25149
1593,78526,78405,25194
1594,78516,78390,25227
1595,78499,78372,25270
1596,78477,78361,25310
1597,78460,78337,25354
1598,78440,78325,25396
1599,78419,78313,25435
1600,78401,78288,25489
1601,78382,78269,25533
1602,78371,78243,25579
1603,78353,78221,25626
1604,78336,78193,25681
1605,78309,78182,25730
1606,78288,78157,25778
1607,78268,78136,25829
1608,78251,78111,25873
1609,78225,78078,25934
1610,78205,78056,25988
1611,78179,78037,26039
1612,78168,78016,26077
1613,78149,78001,26117
1614,78129,77984,26158
1615,78109,77967,26197
1616,78094,77944,26231
1617,78082,77931,26269
1618,78071,77910,26301
1619,78068,77896,26327
1620,78052,77883,26361
1621,78043,77871,26386
1622,78040,77859,26410
1623,78028,77859,26427
1624,78008,77845,26456
1625,78001,77839,26485
1626,78003,77831,26500
1627,78001,77829,26514
1628,77988,77827,26540
1629,77976,77819,26564
1630,77969,77806,26587
1631,77959,77802,26607
1632,77949,77786,26634
1633,77949,77782,26649
1634,77944,77772,26678
1635,77937,77764,26703
1636,77926,77758,26727
1637,77914,77752,26755
1638,77902,77733,26785
1639,77885,77725,26814
1640,77864,77703,26854
1641,77854,77687,26888
1642,77842,77674,26927
1643,77841,77657,26948
1644,77830,77642,26981
1645,77818,77629,27011
1646,77805,77606,27048
1647,77795,77597,27079
1648,77778,77578,27117
1649,77761,77557,27154
1650,77749,77533,27198
1651,77741,77521,27223
1652,77720,77504,27266
1653,77699,77496,27300
1654,77685,77481,27332
1655,77672,77465,27355
1656,77665,77444,27392
1657,77645,77427,27438
1658,77635,77411,27468
1659,77626,77399,27501
1660,77620,77380,27534
1661,77605,77354,27576
1662,77596,77347,27607
1663,77577,77329,27647
1664,77568,77321,27670
1665,77554,77303,27706
1666,77538,77280,27750
1667,77519,77271,27787
1668,77511,77251,27816
1669,77495,77239,27844
1670,77483,77221,27877
1671,77483,77208,27905
1672,77463,77192,27938
1673,77453,77185,27964
1674,77442,77172,27994
1675,77427,77159,28032
1676,77412,77133,28070
1677,77402,77130,28097
1678,77383,77123,28129
1679,77363,77119,28166
1680,77352,77105,28201
1681,77348,77093,28225
1682,77327,77072,28262
1683,77311,77054,28293
1684,77278,77051,28332
1685,77271,77039,28363
1686,77257,77023,28402
1687,77230,77012,28445
1688,77211,76996,28482
1689,77189,76983,28521
1690,77171,76975,28556
1691,77158,76964,28581
1692,77141,76945,28614
1693,77138,76934,28641
1694,77124,76914,28683
1695,77113,76893,28722
1696,77099,76888,28750
1697,77090,76879,28773
1698,77073,76856,28817
1699,77056,76848,28853
1700,77037,76824,28900
1701,77025,76810,28937
1702,77005,76788,28980
1703,76983,76771,29023
1704,76961,76758,29073
1705,76946,76742,29116
1706,76917,76725,29164
1707,76898,76715,29205
1708,76882,76701,29244
1709,76868,76690,29297
1710,76848,76681,29337
1711,76831,76653,29386
1712,76819,76636,29423
1713,76812,76618,29465
1714,76796,76598,29504
1715,76778,76573,29551
1716,76766,76554,29583
1717,76736,76535,29636
1718,76711,76520,29680
1719,76676,76506,29728
1720,76659,76494,29774
1721,76639,76477,29821
1722,76625,76461,29867
1723,76602,76444,29909
1724,76584,76432,29952
1725,76560,76418,29995
1726,76535,76401,30040
1727,76527,76381,30077
1728,76505,76366,30122
1729,76483,76355,30163
1730,76460,76342,30203
1731,76447,76338,30238
1732,76428,76321,30280
1733,76419,76303,30310
1734,76407,76287,30348
1735,76390,76280,30387
1736,76371,76263,30426
1737,76353,76244,30465
1738,76339,76222,30502
1739,76329,76201,30541
1740,76312,76178,30581
1741,76302,76159,30620
1742,76296,76148,30647
1743,76284,76134,30684
1744,76269,76118,30718
1745,76255,76105,30757
1746,76239,76089,30793
1747,76225,76075,30832
1748,76206,76058,30871
1749,76192,76042,30900
1750,76176,76027,30939
1751,76163,76011,30972
1752,76144,75994,31005
1753,76123,75980,31045
1754,76099,75968,31086
1755,76077,75958,31119
1756,76057,75933,31165
1757,76042,75917,31212
1758,76032,75894,31247
1759,76017,75868,31289
1760,75996,75842,31332
1761,75979,75827,31374
1762,75975,75802,31409
1763,75962,75781,31448
1764,75947,75767,31487
1765,75931,75748,31536
1766,75922,75733,31572
1767,75896,75721,31611
1768,75875,75706,31652
1769,75867,75686,31683
1770,75845,75668,31722
1771,75816,75652,31770
1772,75791,75635,31816
1773,75773,75612,31857
1774,75759,75597,31889
1775,75736,75582,31935
1776,75720,75568,31971
1777,75701,75564,32005
1778,75680,75559,32032
1779,75672,75558,32056
1780,75647,75555,32083
1781,75628,75540,32112
1782,75608,75533,32142
1783,75598,75529,32165
1784,75591,75526,32186
1785,75584,75516,32211
1786,75575,75514,32230
1787,75565,75510,32252
1788,75548,75505,32273
1789,75535,75496,32299
1790,75520,75489,32325
1791,75518,75477,32347
1792,75510,75460,32374
1793,75504,75453,32393
1794,75495,75436,32423
1795,75480,75419,32457
1796,75469,75418,32476
1797,75446,75403,32513
1798,75436,75389,32542
1799,75424,75372,32571
1800,75416,75351,32607
1801,75410,75342,32626
1802,75400,75330,32653
1803,75388,75305,32687
1804,75366,75296,32727
1805,75353,75273,32770
1806,75333,75249,32813
1807,75311,75239,32847
1808,75277,75225,32892
1809,75257,75204,32940
1810,75238,75185,32986
1811,75211,75162,33036
1812,75195,75142,33083
1813,75170,75119,33130
1814,75158,75094,33168
1815,75139,75070,33210
1816,75122,75044,33252
1817,75104,75027,33288
1818,75088,75004,33329
1819,75074,74992,33364
1820,75057,74982,33398
1821,75045,74960,33438
1822,75027,74936,33488
1823,75003,74919,33532
1824,74987,74903,33569
1825,74966,74889,33603
1826,74950,74867,33635
1827,74935,74850,33667
1828,74919,74826,33707
1829,74907,74807,33745
1830,74896,74788,33775
1831,74888,74768,33812
1832,74866,74750,33853
1833,74843,74730,33896
1834,74818,74719,33940
1835,74794,74706,33978
1836,74774,74686,34028
1837,74757,74669,34065
1838,74738,74651,34106
1839,74714,74631,34157
1840,74697,74619,34197
1841,74684,74594,34238
1842,74667,74567,34283
1843,74642,74556,34317
1844,74624,74545,34347
1845,74600,74532,34389
1846,74591,74510,34431
1847,74576,74488,34476
1848,74550,74476,34509
1849,74539,74454,34549
1850,74526,74437,34585
1851,74502,74424,34623
1852,74477,74394,34674
1853,74454,74373,34722
1854,74427,74350,34773
1855,74397,74337,34817
1856,74372,74323,34857
1857,74356,74305,34900
1858,74342,74283,34938
1859,74319,74272,34978
1860,74297,74257,35019
1861,74280,74246,35051
1862,74271,74230,35085
1863,74242,74220,35129
1864,74233,74196,35168
1865,74215,74177,35212
1866,74203,74158,35242
1867,74190,74143,35270
1868,74175,74137,35306
1869,74161,74114,35348
1870,74150,74113,35378
1871,74136,74098,35414
1872,74124,74079,35443
1873,74106,74056,35485
1874,74098,74046,35512
1875,74079,74029,35551
1876,74061,74015,35587
1877,74045,73999,35623
1878,74035,73980,35659
1879,74012,73954,35711
1880,73984,73928,35761
1881,73976,73903,35809
1882,73955,73872,35855
1883,73934,73846,35907
1884,73918,73832,35946
1885,73901,73817,35982
1886,73888,73806,36016
1887,73866,73789,36061
1888,73847,73770,36103
1889,73834,73752,36146
1890,73812,73740,36183
1891,73788,73721,36230
1892,73770,73701,36276
1893,73750,73681,36317
1894,73735,73661,36363
1895,73709,73636,36417
1896,73694,73607,36466
1897,73673,73588,36512
1898,73651,73557,36564
1899,73635,73536,36609
1900,73621,73519,36647
1901,73598,73505,36687
1902,73587,73486,36721
1903,73558,73463,36767
1904,73540,73447,36808
1905,73529,73427,36841
1906,73515,73425,36868
1907,73501,73410,36896
1908,73491,73397,36926
1909,73474,73389,36949
1910,73458,73377,36980
1911,73437,73364,37015
1912,73431,73349,37038
1913,73417,73328,37070
1914,73407,73315,37103
1915,73393,73295,37135
1916,73375,73284,37176
1917,73368,73270,37205
1918,73360,73254,37230
1919,73346,73247,37263
1920,73325,73240,37297
1921,73314,73227,37329
1922,73300,73205,37367
1923,73287,73200,37393
1924,73269,73174,37432
1925,73255,73156,37466
1926,73234,73147,37498
1927,73221,73128,37530
1928,73202,73112,37567
1929,73179,73098,37613
1930,73155,73089,37649
1931,73139,73072,37694
1932,73120,73050,37733
1933,73109,73040,37769
1934,73088,73021,37808
1935,73075,73006,37847
1936,73055,72993,37885
1937,73028,72972,37928
1938,73017,72957,37965
1939,72996,72941,38012
1940,72983,72928,38044
1941,72968,72911,38078
1942,72959,72900,38103
1943,72946,72886,38130
1944,72926,72869,38170
1945,72908,72856,38202
1946,72897,72852,38221
1947,72891,72846,38237
1948,72873,72837,38262
1949,72866,72830,38278
1950,72850,72821,38301
1951,72842,72808,38326
1952,72833,72801,38345
1953,72818,72783,38375
1954,72809,72774,38397
1955,72802,72763,38419
1956,72796,72750,38443
1957,72787,72736,38467
1958,72773,72725,38497
1959,72767,72720,38520
1960,72745,72707,38549
1961,72732,72700,38571
1962,72725,72679,38603
1963,72713,72666,38632
1964,72688,72650,38669
1965,72673,72634,38707
1966,72649,72610,38754
1967,72626,72594,38800
1968,72605,72584,38840
1969,72590,72571,38875
1970,72577,72554,38910
1971,72557,72536,38951
1972,72532,72515,39000
1973,72513,72493,39045
1974,72497,72468,39085
1975,72483,72444,39124
1976,72469,72417,39168
1977,72447,72397,39212
1978,72418,72382,39257
1979,72407,72357,39292
1980,72391,72341,39327
1981,72373,72325,39363
1982,72354,72311,39402
1983,72334,72290,39449
1984,72307,72274,39500
1985,72294,72264,39528
1986,72282,72241,39567
1987,72269,72233,39598
1988,72251,72221,39632
1989,72239,72207,39663
1990,72223,72192,39694
1991,72194,72178,39740
1992,72167,72168,39783
1993,72148,72160,39814
1994,72129,72145,39852
1995,72117,72136,39882
1996,72102,72122,39915
1997,72078,72104,39960
1998,72059,72081,39993
1999,72043,72066,40029
2000,72027,72050,40070
2001,72021,72030,40100
2002,72001,72024,40133
2003,71992,72003,40167
2004,71973,71992,40200
2005,71961,71978,40228
2006,71943,71951,40268
2007,71929,71947,40296
2008,71916,71936,40321
2009,71903,71924,40350
2010,71881,71914,40379
2011,71862,71903,40412
2012,71847,71885,40448
2013,71825,71874,40485
2014,71809,71861,40513
2015,71795,71853,40535
2016,71781,71829,40576
2017,71761,71811,40616
2018,71750,71788,40660
2019,71731,71758,40711
2020,71705,71740,40759
2021,71685,71717,40803
2022,71670,71703,40840
2023,71641,71688,40893
2024,71617,71663,40943
2025,71594,71636,40994
2026,71575,71602,41055
2027,71550,71573,41121
2028,71522,71547,41176
2029,71494,71510,41233
2030,71465,71482,41294
2031,71441,71449,41352
2032,71428,71422,41397
2033,71397,71395,41457
2034,71388,71370,41504
2035,71361,71349,41554
2036,71345,71321,41600
2037,71330,71290,41642
2038,71310,71268,41686
2039,71289,71238,41730
2040,71256,71230,41769
2041,71245,71218,41798
2042,71231,71206,41825
2043,71220,71191,41857
2044,71199,71184,41890
2045,71189,71175,41915
2046,71175,71167,41942
2047,71164,71153,41966
2048,71157,71139,41990
2049,71144,71136,42009
2050,71125,71122,42038
2051,71119,71107,42064
2052,71112,71100,42080
2053,71106,71089,42102
2054,71096,71085,42125
2055,71091,71086,42139
2056,71080,71073,42161
2057,71065,71070,42184
2058,71051,71063,42210
2059,71045,71050,42234
2060,71042,71041,42258
2061,71037,71035,42283
2062,71026,71021,42314
2063,71014,71018,42337
2064,71000,71012,42359
2065,70995,71002,42382
2066,70982,70992,42413
2067,70975,70969,42445
2068,70957,70957,42469
2069,70944,70942,42493
2070,70935,70924,42524
2071,70921,70900,42559
2072,70904,70881,42595
2073,70890,70863,42630
2074,70883,70837,42671
2075,70867,70825,42706
2076,70854,70806,42741
2077,70837,70787,42781
2078,70822,70762,42822
2079,70792,70741,42868
2080,70776,70721,42904
2081,70766,70700,42947
2082,70751,70673,42991
2083,70720,70655,43031
2084,70697,70635,43081
2085,70681,70612,43126
2086,70654,70581,43174
2087,70630,70561,43220
2088,70611,70541,43273
2089,70595,70519,43318
2090,70568,70494,43369
2091,70534,70482,43420
2092,70512,70457,43468
2093,70486,70433,43517
2094,70467,70418,43561
2095,70451,70401,43599
2096,70427,70374,43646
2097,70415,70354,43684
2098,70397,70344,43722
2099,70375,70317,43765
2100,70358,70304,43805
2101,70340,70295,43834
2102,70317,70282,43864
2103,70301,70272,43897
2104,70276,70250,43935
2105,70262,70231,43971
2106,70254,70222,43997
2107,70236,70201,44037
2108,70231,70182,44066
2109,70211,70166,44099
2110,70196,70159,44129
2111,70177,70149,44168
2112,70161,70144,44199
2113,70144,70124,44237
2114,70134,70102,44270
2115,70118,70072,44314
2116,70096,70046,44361
2117,70082,70028,44399
2118,70055,70010,44447
2119,70033,69996,44490
2120,70018,69983,44532
2121,70002,69970,44562
2122,69979,69948,44611
2123,69965,69932,44647
2124,69948,69920,44681
2125,69928,69895,44729
2126,69907,69877,44774
2127,69890,69856,44817
2128,69869,69827,44863
2129,69849,69809,44904
2130,69834,69783,44954
2131,69815,69760,45005
2132,69788,69735,45052
2133,69760,69716,45100
2134,69741,69699,45143
2135,69730,69670,45191
2136,69700,69653,45235
2137,69695,69634,45269
2138,69686,69616,45307
2139,69673,69598,45346
2140,69662,69585,45376
2141,69649,69573,45405
2142,69639,69549,45440
2143,69613,69530,45479
2144,69604,69510,45510
2145,69602,69494,45540
2146,69589,69479,45569
2147,69578,69459,45605
2148,69556,69437,45642
2149,69551,69420,45675
2150,69531,69415,45709
2151,69511,69394,45753
2152,69499,69366,45792
2153,69488,69349,45825
2154,69475,69338,45863
2155,69462,69316,45904
2156,69448,69291,45942
2157,69426,69268,45986
2158,69403,69238,46032
2159,69390,69214,46071
2160,69363,69188,46119
2161,69348,69173,46154
2162,69325,69158,46195
2163,69303,69134,46241
2164,69275,69117,46283
2165,69258,69084,46334
2166,69252,69063,46377
2167,69227,69053,46411
2168,69201,69028,46465
2169,69189,69007,46502
2170,69170,68989,46534
2171,69147,68967,46574
2172,69125,68955,46612
2173,69102,68942,46649
2174,69091,68927,46677
2175,69073,68906,46712
2176,69057,68891,46746
2177,69042,68865,46790
2178,69025,68850,46829
2179,69016,68826,46860
2180,68997,68817,46886
2181,68983,68803,46919
2182,68968,68782,46951
2183,68946,68766,46986
2184,68936,68752,47016
2185,68918,68738,47053
2186,68904,68731,47082
2187,68887,68711,47120
2188,68875,68688,47161
2189,68860,68669,47195
2190,68848,68642,47238
2191,68833,68625,47276
2192,68818,68607,47303
2193,68801,68583,47345
2194,68780,68570,47378
2195,68760,68548,47419
2196,68747,68526,47459
2197,68721,68514,47494
2198,68702,68488,47538
2199,68685,68471,47575
2200,68667,68448,47611
2201,68650,68434,47650
2202,68631,68413,47691
2203,68602,68393,47744
2204,68573,68369,47790
2205,68550,68352,47833
2206,68523,68335,47878
2207,68499,68326,47910
2208,68478,68315,47945
2209,68457,68301,47985
2210,68434,68289,48017
2211,68426,68276,48037
2212,68414,68261,48064
2213,68393,68255,48092
2214,68374,68240,48131
2215,68364,68231,48152
2216,68354,68215,48176
2217,68339,68205,48203
2218,68334,68195,48229
2219,68320,68179,48254
2220,68304,68162,48276
2221,68299,68139,48300
2222,68282,68133,48329
2223,68272,68118,48355
2224,68255,68115,48379
2225,68240,68106,48404
2226,68229,68097,48426
2227,68217,68070,48462
2228,68202,68063,48491
2229,68181,68060,48514
2230,68167,68049,48539
2231,68154,68040,48558
2232,68138,68015,48589
2233,68125,68005,48620
2234,68116,67985,48648
2235,68109,67966,48674
2236,68099,67956,48699
2237,68087,67941,48729
2238,68059,67919,48771
2239,68041,67903,48807
2240,68029,67883,48844
2241,68014,67868,48879
2242,67999,67845,48920
2243,67981,67825,48957
2244,67964,67802,48998
2245,67943,67777,49047
2246,67927,67768,49076
2247,67919,67759,49100
2248,67891,67734,49153
2249,67871,67713,49197
2250,67836,67694,49248
2251,67814,67674,49286
2252,67787,67660,49325
2253,67771,67647,49362
2254,67751,67624,49405
2255,67733,67606,49443
2256,67713,67588,49484
2257,67698,67567,49521
2258,67680,67558,49553
2259,67657,67545,49593
2260,67650,67526,49619
2261,67634,67524,49643
2262,67624,67520,49665
2263,67604,67511,49696
2264,67594,67503,49721
2265,67578,67493,49745
2266,67568,67476,49770
2267,67556,67462,49800
2268,67546,67446,49827
2269,67528,67434,49866
2270,67511,67417,49903
2271,67495,67400,49936
2272,67476,67389,49969
2273,67462,67378,49993
2274,67450,67361,50029
2275,67426,67350,50063
2276,67409,67332,50097
2277,67392,67307,50131
2278,67377,67280,50172
2279,67354,67260,50207
2280,67340,67245,50241
2281,67330,67224,50279
2282,67314,67200,50316
2283,67291,67186,50351
2284,67276,67162,50388
2285,67257,67143,50427
2286,67232,67120,50467
2287,67209,67098,50507
2288,67189,67074,50558
2289,67173,67062,50592
2290,67151,67045,50642
2291,67130,67026,50678
2292,67110,67008,50714
2293,67094,66995,50746
2294,67075,66974,50791
2295,67061,66945,50838
2296,67045,66914,50884
2297,67026,66891,50930
2298,67010,66871,50964
2299,66992,66856,50993
2300,66962,66836,51039
2301,66949,66811,51083
2302,66937,66786,51119
2303,66922,66772,51153
2304,66905,66759,51184
2305,66896,66748,51211
2306,66879,66730,51240
2307,66861,66719,51267
2308,66849,66704,51296
2309,66833,66690,51326
2310,66821,66670,51354
2311,66807,66666,51382
2312,66790,66658,51412
2313,66783,66653,51434
2314,66774,66634,51462
2315,66766,66613,51494
2316,66742,66604,51529
2317,66727,66595,51559
2318,66704,66584,51596
2319,66685,66574,51628
2320,66666,66543,51671
2321,66647,66517,51714
2322,66629,66500,51753
2323,66612,66483,51789
2324,66596,66462,51826
2325,66573,66441,51870
2326,66557,66418,51918
2327,66533,66385,51969
2328,66513,66354,52022
2329,66502,66325,52062
2330,66489,66284,52113
2331,66469,66263,52157
2332,66457,66236,52205
2333,66440,66223,52247
2334,66424,66200,52286
2335,66401,66173,52337
2336,66380,66155,52378
2337,66369,66131,52419
2338,66354,66115,52453
2339,66343,66094,52488
2340,66331,66075,52525
2341,66320,66061,52557
2342,66312,66039,52585
2343,66303,66018,52611
2344,66294,66006,52642
2345,66290,65989,52672
2346,66277,65978,52696
2347,66271,65967,52718
2348,66257,65954,52746
2349,66246,65946,52766
2350,66230,65928,52803
2351,66210,65924,52828
2352,66195,65910,52859
2353,66179,65903,52886
2354,66159,65887,52921
2355,66146,65867,52953
2356,66141,65848,52984
2357,66129,65827,53011
2358,66116,65813,53047
2359,66085,65791,53095
2360,66070,65769,53136
2361,66045,65752,53178
2362,66031,65729,53217
2363,66019,65706,53258
2364,66000,65689,53292
2365,65980,65662,53340
2366,65964,65639,53386
2367,65947,65615,53435
2368,65929,65588,53485
2369,65907,65569,53521
2370,65895,65546,53555
2371,65877,65527,53596
2372,65862,65512,53629
2373,65846,65497,53668
2374,65822,65478,53713
2375,65794,65451,53767
2376,65779,65423,53808
2377,65764,65409,53848
2378,65743,65391,53888
2379,65720,65381,53921
2380,65704,65361,53963
2381,65693,65340,53997
2382,65684,65320,54028
2383,65669,65303,54061
2384,65664,65290,54085
2385,65653,65276,54109
2386,65644,65266,54135
2387,65635,65245,54171
2388,65627,65234,54200
2389,65618,65220,54232
2390,65603,65205,54266
2391,65588,65189,54301
2392,65572,65173,54337
2393,65555,65162,54371
2394,65537,65145,54398
2395,65520,65125,54428
2396,65498,65121,54457
2397,65486,65106,54491
2398,65468,65081,54534
2399,65449,65056,54576
2400,65426,65027,54621
2401,65409,65005,54654
2402,65395,64998,54683
2403,65374,64977,54723
2404,65346,64952,54764
2405,65328,64931,54810
2406,65300,64907,54856
2407,65270,64887,54908
2408,65241,64869,54968
2409,65225,64852,55009
2410,65186,64831,55056
2411,65163,64799,55111
2412,65126,64776,55169
2413,65108,64762,55203
2414,65085,64733,55254
2415,65058,64709,55303
2416,65030,64688,55350
2417,65004,64658,55407
2418,64986,64637,55448
2419,64967,64619,55492
2420,64939,64605,55530
2421,64916,64591,55565
2422,64899,64569,55601
2423,64883,64560,55629
2424,64865,64548,55660
2425,64852,64532,55687
2426,64827,64515,55731
2427,64812,64489,55775
2428,64796,64478,55802
2429,64777,64467,55834
2430,64761,64458,55862
2431,64745,64441,55893
2432,64728,64427,55921
2433,64714,64418,55950
2434,64699,64406,55973
2435,64679,64386,56004
2436,64666,64374,56031
2437,64642,64356,56068
2438,64628,64330,56106
2439,64617,64311,56138
2440,64603,64290,56170
2441,64584,64268,56206
2442,64564,64254,56238
2443,64540,64236,56280
2444,64524,64226,56315
2445,64502,64209,56355
2446,64475,64188,56407
2447,64450,64162,56458
2448,64429,64146,56499
2449,64403,64125,56544
2450,64382,64107,56589
2451,64365,64082,56637
2452,64354,64053,56677
2453,64329,64034,56726
2454,64300,64018,56774
2455,64276,63999,56820
2456,64245,63985,56866
2457,64220,63967,56912
2458,64202,63949,56951
2459,64180,63939,56990
2460,64154,63916,57041
2461,64128,63901,57082
2462,64106,63884,57122
2463,64090,63864,57160
2464,64066,63838,57216
2465,64048,63807,57261
2466,64024,63785,57308
2467,64010,63769,57344
2468,63985,63755,57378
2469,63965,63743,57415
2470,63942,63719,57455
2471,63930,63707,57477
2472,63912,63691,57512
2473,63897,63685,57533
2474,63888,63675,57555
2475,63874,63664,57577
2476,63861,63657,57600
2477,63840,63651,57633
2478,63835,63634,57661
2479,63825,63624,57683
2480,63813,63617,57707
2481,63803,63598,57737
2482,63784,63587,57762
2483,63762,63574,57797
2484,63746,63556,57827
2485,63729,63543,57851
2486,63715,63518,57880
2487,63707,63491,57922
2488,63689,63472,57959
2489,63685,63460,57979
2490,63669,63449,58016
2491,63656,63431,58041
2492,63643,63416,58075
2493,63634,63407,58099
2494,63619,63394,58130
2495,63601,63383,58154
2496,63592,63378,58169
2497,63580,63369,58195
2498,63572,63368,58211
2499,63552,63353,58242
2500,63537,63341,58263
2501,63526,63334,58281
2502,63512,63324,58306
2503,63498,63315,58330
2504,63475,63298,58363
2505,63461,63284,58390
2506,63448,63273,58419
2507,63431,63263,58443
2508,63420,63253,58463
2509,63405,63248,58482
2510,63397,63239,58500
2511,63385,63225,58524
2512,63378,63214,58542
2513,63370,63204,58561
2514,63354,63193,58590
2515,63341,63180,58614
2516,63334,63164,58645
2517,63318,63153,58671
2518,63305,63143,58699
2519,63293,63122,58730
2520,63275,63111,58757
2521,63255,63095,58790
2522,63238,63066,58835
2523,63223,63061,58858
2524,63214,63041,58881
2525,63200,63031,58910
2526,63186,63015,58936
2527,63184,63000,58965
2528,63177,62991,58985
2529,63164,62977,59005
2530,63151,62970,59026
2531,63138,62953,59050
2532,63127,62937,59081
2533,63113,62919,59112
2534,63098,62907,59137
2535,63076,62893,59170
2536,63063,62880,59194
2537,63046,62871,59221
2538,63036,62859,59243
2539,63028,62845,59262
2540,63017,62838,59283
2541,63006,62824,59304
2542,62992,62810,59330
2543,62980,62802,59353
2544,62966,62793,59380
2545,62958,62770,59409
2546,62953,62751,59430
2547,62938,62738,59463
2548,62930,62728,59493
2549,62921,62708,59517
2550,62909,62699,59536
2551,62902,62687,59555
2552,62891,62677,59582
2553,62878,62670,59607
2554,62871,62654,59630
2555,62862,62644,59652
2556,62852,62630,59674
2557,62840,62612,59707
2558,62826,62606,59728
2559,62821,62590,59757
2560,62808,62586,59779
2561,62794,62574,59803
2562,62772,62560,59832
2563,62765,62541,59860
2564,62757,62529,59891
2565,62745,62520,59916
2566,62742,62515,59933
2567,62731,62512,59950
2568,62723,62501,59971
2569,62716,62494,59994
2570,62707,62489,60014
2571,62698,62477,60040
2572,62688,62459,60065
2573,62668,62447,60093
2574,62659,62435,60116
2575,62635,62422,60150
2576,62622,62415,60175
2577,62610,62397,60205
2578,62597,62384,60235
2579,62580,62370,60262
2580,62567,62360,60284
2581,62548,62347,60314
2582,62539,62331,60334
2583,62532,62322,60356
2584,62512,62313,60388
2585,62511,62296,60409
2586,62509,62281,60428
2587,62490,62267,60459
2588,62479,62255,60480
2589,62474,62245,60501
2590,62462,62227,60525
2591,62446,62212,60553
2592,62443,62198,60575
2593,62433,62184,60600
2594,62423,62171,60623
2595,62409,62162,60654
2596,62398,62139,60687
2597,62385,62127,60715
2598,62376,62122,60736
2599,62357,62112,60769
2600,62345,62098,60798
2601,62330,62079,60840
2602,62321,62074,60862
2603,62315,62061,60877
2604,62307,62051,60902
2605,62286,62041,60928
2606,62276,62036,60948
2607,62251,62033,60978
2608,62233,62023,61007
2609,62213,62012,61045
2610,62201,61996,61076
2611,62185,61989,61104
2612,62172,61980,61132
2613,62152,61966,61164
2614,62141,61955,61186
2615,62126,61933,61219
2616,62120,61918,61243
2617,62096,61912,61273
2618,62090,61892,61296
2619,62080,61878,61324
2620,62061,61865,61361
2621,62048,61861,61379
2622,62028,61856,61407
2623,62014,61844,61437
2624,62004,61839,61459
2625,61982,61830,61490
2626,61975,61825,61512
2627,61966,61816,61537
2628,61947,61803,61566
2629,61933,61802,61587
2630,61929,61789,61614
2631,61910,61779,61648
2632,61897,61761,61674
2633,61894,61760,61687
2634,61883,61752,61708
2635,61872,61741,61731
2636,61860,61731,61755
2637,61843,61728,61779
2638,61825,61717,61801
2639,61811,61703,61826
2640,61798,61701,61846
2641,61783,61691,61870
2642,61766,61677,61907
2643,61750,61675,61934
2644,61741,61663,61953
2645,61741,61650,61971
2646,61730,61633,61993
2647,61721,61626,62017
2648,61705,61612,62048
2649,61694,61604,62071
2650,61678,61591,62093
2651,61660,61567,62136
2652,61644,61563,62154
2653,61634,61552,62174
2654,61624,61538,62199
2655,61615,61534,62215
2656,61595,61522,62242
2657,61583,61515,62267
2658,61576,61497,62292
2659,61564,61483,62314
2660,61553,61461,62343
2661,61538,61446,62375
2662,61521,61433,62407
2663,61507,61422,62435
2664,61496,61406,62464
2665,61472,61394,62498
2666,61452,61376,62532
2667,61446,61361,62560
2668,61429,61344,62594
2669,61413,61330,62618
2670,61404,61321,62634
2671,61393,61310,62659
2672,61369,61298,62688
2673,61355,61287,62717
2674,61338,61273,62744
2675,61320,61262,62778
2676,61307,61242,62807
2677,61290,61224,62838
2678,61287,61211,62857
2679,61278,61212,62870
2680,61263,61203,62894
2681,61249,61183,62924
2682,61242,61176,62948
2683,61227,61166,62981
2684,61213,61153,63008
2685,61204,61138,63031
2686,61192,61127,63054
2687,61180,61113,63079
2688,61161,61103,63107
2689,61144,61092,63136
2690,61138,61078,63163
2691,61131,61064,63188
2692,61115,61051,63219
2693,61100,61045,63241
2694,61090,61030,63273
2695,61078,61009,63303
2696,61065,60993,63334
2697,61057,60979,63363
2698,61044,60970,63388
2699,61030,60958,63421
2700,61021,60939,63452
2701,61017,60927,63477
2702,61003,60909,63499
2703,60991,60897,63521
2704,60984,60885,63541
2705,60969,60874,63560
2706,60958,60857,63589
2707,60951,60842,63617
2708,60951,60828,63638
2709,60932,60815,63667
2710,60918,60804,63699
2711,60903,60783,63733
2712,60892,60772,63751
2713,60880,60761,63774
2714,60862,60747,63809
2715,60849,60739,63836
2716,60835,60726,63866
2717,60824,60714,63883
2718,60809,60699,63910
2719,60800,60693,63930
2720,60789,60677,63963
2721,60778,60660,63993
2722,60770,60652,64019
2723,60759,60641,64042
2724,60747,60634,64058
2725,60733,60625,64081
2726,60717,60605,64115
2727,60705,60595,64142
2728,60700,60583,64166
2729,60690,60578,64180
2730,60672,60566,64210
2731,60657,60554,64234
2732,60649,60542,64255
2733,60639,60531,64279
2734,60629,60521,64303
2735,60612,60505,64329
2736,60602,60492,64354
2737,60593,60479,64380
2738,60578,60462,64415
2739,60572,60448,64436
2740,60559,60427,64473
2741,60538,60414,64504
2742,60524,60402,64526
2743,60511,60389,64552
2744,60496,60382,64572
2745,60481,60375,64599
2746,60470,60368,64619
2747,60459,60360,64643
2748,60441,60345,64675
2749,60436,60332,64698
2750,60426,60316,64724
2751,60419,60304,64748
2752,60408,60297,64767
2753,60398,60280,64788
2754,60382,60274,64809
2755,60377,60263,64831
2756,60367,60252,64855
2757,60356,60242,64874
2758,60348,60225,64897
2759,60342,60214,64919
2760,60335,60206,64941
2761,60321,60193,64968
2762,60309,60169,65001
2763,60302,60159,65023
2764,60278,60141,65059
2765,60274,60129,65078
2766,60259,60125,65096
2767,60244,60118,65117
2768,60227,60110,65139
2769,60206,60099,65184
2770,60196,60088,65204
2771,60180,60075,65232
2772,60165,60062,65251
2773,60155,60049,65278
2774,60147,60039,65301
2775,60143,60014,65325
2776,60127,59998,65352
2777,60119,59987,65375
2778,60114,59978,65399
2779,60104,59970,65420
2780,60092,59958,65449
2781,60075,59942,65481
2782,60067,59928,65504
2783,60053,59906,65537
2784,60043,59896,65558
2785,60030,59888,65579
2786,60010,59882,65604
2787,60002,59874,65617
2788,59990,59864,65644
2789,59977,59861,65657
2790,59967,59851,65687
2791,59950,59841,65715
2792,59938,59833,65742
2793,59922,59827,65766
2794,59910,59817,65789
2795,59900,59810,65805
2796,59888,59805,65831
2797,59882,59798,65851
2798,59873,59784,65874
2799,59867,59772,65900
2800,59859,59749,65930
2801,59840,59740,65961
2802,59817,59728,65998
2803,59809,59714,66017
2804,59799,59698,66045
2805,59786,59686,66077
2806,59766,59668,66113
2807,59752,59660,66137
2808,59744,59657,66158
2809,59729,59649,66185
2810,59713,59635,66209
2811,59701,59616,66241
2812,59696,59607,66262
2813,59684,59589,66288
2814,59677,59585,66308
2815,59661,59568,66348
2816,59652,59557,66373
2817,59632,59544,66402
2818,59615,59526,66435
2819,59605,59517,66458
2820,59596,59499,66491
2821,59588,59485,66516
2822,59570,59473,66542
2823,59555,59457,66574
2824,59543,59452,66603
2825,59534,59439,66627
2826,59523,59429,66651
2827,59508,59416,66681
2828,59499,59402,66708
2829,59483,59396,66733
2830,59473,59374,66760
2831,59469,59364,66785
2832,59453,59354,66811
2833,59442,59346,66836
2834,59428,59338,66863
2835,59416,59328,66887
2836,59401,59315,66914
2837,59395,59304,66934
2838,59383,59293,66955
2839,59363,59286,66986
2840,59353,59276,67005
2841,59343,59265,67028
2842,59330,59256,67052
2843,59318,59247,67076
2844,59304,59234,67097
2845,59293,59221,67125
2846,59270,59213,67159
2847,59262,59201,67181
2848,59246,59187,67211
2849,59235,59169,67235
2850,59225,59155,67262
2851,59211,59145,67292
2852,59197,59134,67315
2853,59191,59121,67339
2854,59189,59116,67358
2855,59179,59107,67376
2856,59171,59096,67397
2857,59150,59089,67421
2858,59132,59074,67459
2859,59115,59062,67492
2860,59109,59045,67512
2861,59100,59032,67536
2862,59085,59021,67566
2863,59078,59011,67587
2864,59068,59001,67609
2865,59053,58994,67634
2866,59042,58978,67659
2867,59021,58965,67690
2868,59017,58951,67710
2869,59001,58944,67740
2870,58989,58931,67767
2871,58977,58909,67799
2872,58962,58897,67823
2873,58948,58887,67851
2874,58935,58885,67867
2875,58924,58874,67896
2876,58913,58860,67925
2877,58903,58853,67950
2878,58885,58840,67986
2879,58875,58829,68009
2880,58860,58821,68037
2881,58848,58806,68059
2882,58828,58786,68096
2883,58809,58764,68129
2884,58790,58750,68161
2885,58786,58733,68188
2886,58774,58723,68221
2887,58765,58707,68249
2888,58747,58692,68277
2889,58738,58681,68298
2890,58737,58671,68317
2891,58731,58657,68344
2892,58717,58648,68368
2893,58707,58638,68391
2894,58694,58622,68420
2895,58677,58608,68450
2896,58661,58601,68477
2897,58647,58594,68499
2898,58635,58581,68521
2899,58622,58570,68545
2900,58614,58561,68568
2901,58598,58551,68599
2902,58588,58533,68619
2903,58579,58529,68638
2904,58568,58503,68672
2905,58553,58489,68692
2906,58540,58481,68710
2907,58522,58461,68745
2908,58502,58450,68775
2909,58488,58439,68800
2910,58476,58428,68827
2911,58468,58417,68848
2912,58457,58404,68870
2913,58447,58398,68891
2914,58428,58386,68919
2915,58420,58365,68949
2916,58401,58350,68983
2917,58396,58344,68999
2918,58384,58330,69022
2919,58368,58328,69047
2920,58360,58315,69072
2921,58349,58305,69098
2922,58338,58294,69124
2923,58326,58274,69148
2924,58320,58262,69169
2925,58307,58253,69197
2926,58293,58240,69224
2927,58284,58233,69242
2928,58272,58219,69271
2929,58258,58203,69298
2930,58246,58191,69321
2931,58236,58178,69345
2932,58228,58172,69364
2933,58223,58160,69384
2934,58216,58150,69410
2935,58204,58141,69429
2936,58189,58132,69458
2937,58186,58117,69482
2938,58181,58109,69497
2939,58164,58100,69524
2940,58155,58089,69545
2941,58138,58082,69567
2942,58124,58074,69597
2943,58113,58065,69622
2944,58102,58057,69641
2945,58090,58054,69657
2946,58073,58039,69691
2947,58059,58036,69713
2948,58045,58025,69743
2949,58033,58014,69772
2950,58014,58006,69801
2951,58005,57997,69818
2952,57993,57992,69843
2953,57980,57984,69867
2954,57968,57968,69897
2955,57957,57945,69928
2956,57942,57927,69955
2957,57933,57912,69978
2958,57909,57896,70010
2959,57896,57889,70033
2960,57876,57878,70066
2961,57863,57872,70094
2962,57855,57859,70111
2963,57846,57845,70131
2964,57838,57838,70153
2965,57815,57826,70187
2966,57806,57818,70210
2967,57794,57811,70226
2968,57783,57800,70248
2969,57776,57792,70268
2970,57756,57784,70296
2971,57731,57771,70326
2972,57717,57759,70353
2973,57717,57750,70370
2974,57704,57740,70394
2975,57694,57722,70420
2976,57685,57708,70437
2977,57671,57694,70467
2978,57662,57683,70486
2979,57651,57667,70513
2980,57643,57650,70552
2981,57623,57639,70580
2982,57609,57623,70608
2983,57596,57617,70628
2984,57583,57592,70667
2985,57564,57576,70695
2986,57544,57560,70733
2987,57535,57538,70765
2988,57524,57521,70792
2989,57511,57504,70821
2990,57501,57499,70847
2991,57485,57490,70870
2992,57474,57474,70899
2993,57451,57462,70933
2994,57442,57454,70952
2995,57430,57444,70969
2996,57415,57432,70995
2997,57403,57419,71020
2998,57398,57412,71038
2999,57378,57395,71074
3000,57356,57380,71109
3001,57343,57368,71131
3002,57331,57350,71153
3003,57319,57335,71183
3004,57304,57326,71206
3005,57291,57314,71239
3006,57280,57311,71253
3007,57272,57299,71272
3008,57261,57290,71298
3009,57249,57283,71323
3010,57240,57274,71344
3011,57233,57264,71365
3012,57222,57256,71385
3013,57203,57245,71417
3014,57193,57237,71442
3015,57175,57230,71461
3016,57171,57218,71482
3017,57156,57203,71519
3018,57148,57187,71543
3019,57140,57173,71570
3020,57121,57161,71599
3021,57102,57151,71629
3022,57085,57137,71662
3023,57073,57128,71685
3024,57059,57122,71709
3025,57046,57108,71728
3026,57032,57096,71757
3027,57021,57084,71777
3028,57006,57069,71809
3029,56997,57062,71834
3030,56982,57044,71866
3031,56971,57030,71898
3032,56962,57012,71921
3033,56950,56999,71946
3034,56937,56981,71979
3035,56917,56971,72006
3036,56905,56953,72039
3037,56890,56938,72073
3038,56877,56928,72096
3039,56863,56913,72114
3040,56849,56898,72142
3041,56837,56885,72173
3042,56820,56864,72214
3043,56808,56851,72241
3044,56795,56838,72273
3045,56782,56828,72293
3046,56764,56808,72331
3047,56755,56797,72354
3048,56745,56776,72384
3049,56730,56757,72420
3050,56712,56740,72453
3051,56696,56725,72482
3052,56681,56709,72518
3053,56668,56696,72548
3054,56653,56680,72581
3055,56635,56662,72613
3056,56615,56650,72645
3057,56594,56630,72686
3058,56575,56613,72723
3059,56563,56595,72755
3060,56542,56584,72789
3061,56530,56568,72822
3062,56519,56556,72852
3063,56504,56545,72881
3064,56486,56532,72910
3065,56466,56517,72942
3066,56450,56497,72977
3067,56435,56483,73012
3068,56416,56467,73046
3069,56402,56449,73078
3070,56384,56440,73115
3071,56366,56422,73149
3072,56349,56410,73183
3073,56334,56401,73215
3074,56317,56390,73241
3075,56305,56374,73268
3076,56299,56367,73281
3077,56281,56359,73309
3078,56266,56346,73333
3079,56246,56334,73360
3080,56230,56325,73386
3081,56217,56309,73415
3082,56200,56293,73448
3083,56192,56272,73482
3084,56183,56251,73512
3085,56167,56243,73536
3086,56153,56232,73570
3087,56135,56226,73601
3088,56131,56210,73631
3089,56111,56194,73661
3090,56096,56177,73688
3091,56077,56168,73723
3092,56066,56153,73749
3093,56057,56137,73772
3094,56041,56132,73796
3095,56029,56119,73824
3096,56017,56105,73846
3097,56005,56090,73878
3098,55979,56073,73916
3099,55969,56067,73942
3100,55964,56055,73969
3101,55945,56045,73994
3102,55932,56031,74021
3103,55918,56010,74053
3104,55905,55994,74079
3105,55893,55984,74101
3106,55873,55967,74134
3107,55849,55958,74171
3108,55837,55947,74200
3109,55826,55931,74223
3110,55814,55919,74245
3111,55800,55914,74267
3112,55787,55898,74296
3113,55776,55887,74319
3114,55759,55876,74344
3115,55744,55861,74369
3116,55734,55846,74394
3117,55720,55828,74430
3118,55714,55823,74451
3119,55699,55810,74478
3120,55684,55808,74495
3121,55678,55796,74517
3122,55663,55791,74537
3123,55652,55780,74565
3124,55648,55767,74579
3125,55639,55757,74600
3126,55632,55753,74610
3127,55626,55746,74627
3128,55610,55732,74651
3129,55597,55721,74675
3130,55584,55704,74706
3131,55573,55697,74737
3132,55551,55693,74771
3133,55532,55679,74799
3134,55517,55659,74829
3135,55510,55652,74841
3136,55498,55638,74863
3137,55478,55619,74897
3138,55468,55600,74925
3139,55461,55583,74956
3140,55454,55561,74989
3141,55441,55550,75010
3142,55430,55542,75033
3143,55422,55535,75052
3144,55412,55520,75078
3145,55401,55517,75098
3146,55395,55509,75113
3147,55384,55497,75133
3148,55377,55493,75153
3149,55359,55489,75174
3150,55351,55478,75187
3151,55337,55468,75211
3152,55321,55455,75235
3153,55310,55449,75258
3154,55299,55438,75285
3155,55296,55425,75311
3156,55275,55417,75344
3157,55267,55409,75364
3158,55254,55397,75387
3159,55243,55382,75404
3160,55239,55370,75418
3161,55233,55360,75432
3162,55215,55345,75468
3163,55203,55343,75482
3164,55194,55326,75508
3165,55173,55317,75535
3166,55157,55321,75555
3167,55150,55302,75584
3168,55143,55293,75599
3169,55132,55283,75622
3170,55121,55267,75650
3171,55111,55252,75675
3172,55094,55231,75711
3173,55084,55219,75740
3174,55073,55211,75762
3175,55064,55195,75788
3176,55053,55184,75811
3177,55041,55175,75833
3178,55022,55169,75861
3179,55008,55164,75886
3180,54996,55147,75914
3181,54991,55138,75932
3182,54978,55126,75958
3183,54968,55115,75981
3184,54949,55094,76016
3185,54939,55081,76040
3186,54929,55066,76064
3187,54917,55046,76092
3188,54907,55037,76111
3189,54890,55024,76138
3190,54878,55008,76165
3191,54868,54993,76189
3192,54859,54987,76209
3193,54847,54968,76240
3194,54836,54957,76267
3195,54821,54948,76293
3196,54801,54939,76320
3197,54787,54930,76341
3198,54777,54922,76362
3199,54763,54912,76387
3200,54752,54906,76413
3201,54735,54899,76433
3202,54724,54886,76463
3203,54716,54869,76494
3204,54707,54862,76512
3205,54699,54849,76538
3206,54691,54839,76556
3207,54680,54826,76579
3208,54661,54819,76605
3209,54648,54806,76624
3210,54642,54797,76641
3211,54637,54793,76658
3212,54624,54786,76679
3213,54611,54777,76703
3214,54597,54761,76730
3215,54589,54737,76761
3216,54580,54727,76786
3217,54570,54717,76806
3218,54563,54709,76823
3219,54546,54703,76846
3220,54533,54689,76871
3221,54519,54677,76893
3222,54503,54670,76923
3223,54493,54658,76952
3224,54486,54646,76975
3225,54470,54636,77004
3226,54465,54625,77025
3227,54449,54609,77059
3228,54446,54594,77081
3229,54438,54581,77106
3230,54425,54568,77136
3231,54415,54553,77161
3232,54407,54539,77186
3233,54393,54526,77214
3234,54385,54509,77237
3235,54370,54487,77276
3236,54356,54473,77295
3237,54350,54458,77313
3238,54335,54447,77341
3239,54324,54438,77367
3240,54310,54419,77400
3241,54296,54405,77428
3242,54284,54386,77456
3243,54273,54375,77478
3244,54256,54362,77514
3245,54242,54359,77534
3246,54233,54336,77562
3247,54222,54328,77585
3248,54209,54307,77619
3249,54189,54292,77654
3250,54177,54282,77677
3251,54162,54272,77699
3252,54154,54262,77721
3253,54147,54248,77742
3254,54130,54232,77772
3255,54113,54227,77792
3256,54112,54211,77809
3257,54103,54196,77835
3258,54091,54179,77859
3259,54083,54168,77881
3260,54073,54166,77897
3261,54061,54156,77926
3262,54055,54143,77943
3263,54033,54136,77970
3264,54016,54125,78004
3265,53998,54112,78022
3266,53985,54107,78044
3267,53977,54093,78065
3268,53965,54077,78093
3269,53957,54062,78123
3270,53941,54051,78152
3271,53932,54032,78174
3272,53931,54030,78186
3273,53919,54014,78210
3274,53903,53994,78245
3275,53887,53987,78270
3276,53874,53975,78292
3277,53865,53957,78319
3278,53854,53945,78344
3279,53838,53935,78372
3280,53831,53928,78387
3281,53826,53925,78403
3282,53815,53915,78426
3283,53805,53907,78447
3284,53792,53894,78473
3285,53780,53887,78491
3286,53769,53874,78522
3287,53755,53863,78545
3288,53745,53850,78573
3289,53737,53840,78591
3290,53729,53821,78615
3291,53707,53809,78643
3292,53698,53786,78677
3293,53689,53774,78700
3294,53675,53766,78724
3295,53658,53756,78755
3296,53637,53738,78798
3297,53617,53725,78830
3298,53602,53710,78856
3299,53593,53699,78883
3300,53583,53690,78911
3301,53573,53678,78936
3302,53569,53672,78953
3303,53556,53659,78973
3304,53545,53649,78999
3305,53530,53638,79022
3306,53516,53622,79051
3307,53510,53604,79077
3308,53494,53590,79107
3309,53472,53585,79137
3310,53471,53570,79162
3311,53455,53561,79185
3312,53448,53555,79205
3313,53432,53544,79229
3314,53427,53528,79249
3315,53405,53512,79288
3316,53397,53497,79318
3317,53379,53485,79345
3318,53375,53480,79358
3319,53362,53461,79386
3320,53344,53442,79423
3321,53323,53431,79452
3322,53304,53419,79487
3323,53288,53409,79519
3324,53269,53394,79555
3325,53251,53388,79580
3326,53242,53372,79607
3327,53234,53356,79627
3328,53219,53343,79661
3329,53207,53330,79688
3330,53188,53310,79723
3331,53181,53294,79749
3332,53161,53275,79792
3333,53152,53249,79827
3334,53142,53231,79856
3335,53126,53218,79886
3336,53112,53203,79921
3337,53096,53188,79963
3338,53078,53166,79997
3339,53057,53151,80031
3340,53049,53130,80067
3341,53035,53121,80095
3342,53012,53102,80132
3343,52988,53088,80173
3344,52973,53070,80210
3345,52958,53048,80241
3346,52944,53036,80265
3347,52924,53021,80299
3348,52909,53005,80328
3349,52887,52989,80366
3350,52875,52979,80388
3351,52856,52973,80416
3352,52844,52965,80442
3353,52823,52953,80476
3354,52806,52944,80507
3355,52791,52933,80538
3356,52777,52919,80565
3357,52771,52911,80581
3358,52760,52902,80610
3359,52747,52894,80629
3360,52736,52874,80661
3361,52722,52860,80696
3362,52713,52850,80721
3363,52705,52834,80743
3364,52681,52819,80780
3365,52657,52802,80817
3366,52649,52797,80838
3367,52636,52782,80863
3368,52624,52772,80886
3369,52613,52765,80903
3370,52591,52753,80933
3371,52578,52739,80961
3372,52559,52726,80995
3373,52548,52715,81017
3374,52532,52708,81039
3375,52519,52694,81064
3376,52503,52680,81088
3377,52486,52661,81123
3378,52469,52651,81151
3379,52448,52642,81176
3380,52434,52624,81205
3381,52419,52606,81238
3382,52405,52594,81264
3383,52394,52578,81297
3384,52383,52563,81318
3385,52374,52546,81338
3386,52361,52532,81366
3387,52352,52509,81399
3388,52336,52479,81443
3389,52315,52454,81484
3390,52303,52438,81513
3391,52292,52425,81538
3392,52280,52410,81565
3393,52266,52394,81593
3394,52252,52378,81620
3395,52234,52355,81655
3396,52210,52338,81693
3397,52195,52323,81730
3398,52174,52302,81770
3399,52165,52289,81797
3400,52152,52277,81827
3401,52138,52263,81858
3402,52119,52250,81893
3403,52110,52241,81918
3404,52095,52224,81950
3405,52087,52208,81977
3406,52068,52196,82011
3407,52053,52177,82044
3408,52035,52168,82075
3409,52024,52152,82101
3410,52010,52138,82131
3411,51995,52122,82161
3412,51973,52110,82195
3413,51950,52096,82234
3414,51935,52082,82270
3415,51916,52070,82302
3416,51909,52061,82315
3417,51886,52044,82347
3418,51880,52027,82368
3419,51863,52016,82396
3420,51846,52002,82429
3421,51838,51987,82461
3422,51826,51970,82488
3423,51810,51958,82514
3424,51795,51944,82546
3425,51783,51929,82576
3426,51771,51901,82609
3427,51763,51895,82633
3428,51750,51875,82672
3429,51735,51860,82700
3430,51720,51848,82727
3431,51703,51826,82759
3432,51684,51808,82793
3433,51667,51790,82824
3434,51644,51773,82863
3435,51627,51760,82891
3436,51610,51740,82923
3437,51597,51737,82946
3438,51575,51725,82978
3439,51559,51716,83009
3440,51543,51707,83037
3441,51523,51694,83070
3442,51507,51667,83114
3443,51498,51647,83143
3444,51478,51631,83177
3445,51469,51625,83198
3446,51450,51609,83234
3447,51435,51590,83266
3448,51421,51564,83304
3449,51403,51549,83332
3450,51390,51531,83364
3451,51376,51517,83395
3452,51359,51500,83427
3453,51347,51487,83456
3454,51330,51471,83489
3455,51313,51459,83516
3456,51295,51447,83536
3457,51275,51427,83568
3458,51259,51409,83607
3459,51249,51403,83630
3460,51234,51380,83665
3461,51222,51360,83692
3462,51201,51350,83725
3463,51193,51334,83746
3464,51187,51322,83766
3465,51172,51307,83790
3466,51165,51296,83811
3467,51140,51276,83856
3468,51124,51258,83884
3469,51103,51239,83917
3470,51083,51226,83942
3471,51073,51210,83973
3472,51061,51198,83997
3473,51052,51180,84025
3474,51031,51161,84060
3475,51014,51142,84092
3476,51005,51131,84110
3477,50991,51127,84132
3478,50977,51109,84159
3479,50958,51093,84194
3480,50949,51079,84213
3481,50931,51065,84241
3482,50909,51049,84280
3483,50900,51036,84299
3484,50879,51022,84334
3485,50863,51015,84362
3486,50850,50997,84387
3487,50841,50975,84421
3488,50831,50960,84446
3489,50815,50946,84480
3490,50799,50938,84505
3491,50786,50931,84524
3492,50773,50913,84554
3493,50752,50897,84587
3494,50741,50878,84611
3495,50722,50870,84632
3496,50706,50857,84662
3497,50697,50839,84689
3498,50680,50827,84718
3499,50659,50822,84750
3500,50643,50801,84790
3501,50632,50788,84811
3502,50623,50776,84834
3503,50612,50764,84862
3504,50593,50756,84898
3505,50585,50746,84920
3506,50568,50733,84947
3507,50550,50722,84971
3508,50537,50708,85000
3509,50529,50693,85024
3510,50510,50682,85058
3511,50496,50664,85090
3512,50480,50650,85123
3513,50465,50636,85150
3514,50456,50616,85181
3515,50438,50601,85213
3516,50421,50584,85251
3517,50404,50565,85287
3518,50389,50553,85316
3519,50378,50544,85336
3520,50365,50534,85364
3521,50353,50524,85387
3522,50340,50521,85410
3523,50331,50508,85432
3524,50319,50490,85461
3525,50300,50481,85489
3526,50288,50471,85500
3527,50269,50458,85536
3528,50266,50450,85552
3529,50256,50440,85572
3530,50236,50426,85605
3531,50224,50414,85623
3532,50208,50397,85659
3533,50188,50386,85684
3534,50174,50378,85709
3535,50163,50365,85732
3536,50137,50348,85770
3537,50122,50333,85801
3538,50106,50313,85841
3539,50091,50295,85871
3540,50080,50285,85891
3541,50061,50276,85920
3542,50045,50263,85949
3543,50036,50247,85977
3544,50012,50245,86002
3545,50001,50230,86031
3546,49991,50216,86058
3547,49986,50199,86077
3548,49966,50185,86113
3549,49955,50172,86136
3550,49945,50163,86152
3551,49928,50148,86184
3552,49920,50134,86206
3553,49907,50120,86233
3554,49888,50111,86260
3555,49873,50105,86282
3556,49866,50095,86300
3557,49848,50077,86333
3558,49836,50060,86361
3559,49822,50050,86381
3560,49805,50041,86403
3561,49795,50026,86430
3562,49781,50015,86458
3563,49771,49998,86487
3564,49765,49991,86506
3565,49751,49975,86536
3566,49737,49959,86570
3567,49719,49944,86597
3568,49713,49931,86623
3569,49698,49919,86650
3570,49680,49902,86681
3571,49665,49888,86712
3572,49651,49877,86740
3573,49629,49870,86777
3574,49605,49851,86815
3575,49585,49835,86855
3576,49578,49820,86883
3577,49570,49798,86908
3578,49554,49788,86932
3579,49544,49769,86964
3580,49528,49760,86995
3581,49518,49745,87019
3582,49515,49731,87041
3583,49507,49715,87066
3584,49492,49702,87095
3585,49482,49682,87126
3586,49471,49671,87152
3587,49456,49660,87179
3588,49440,49651,87201
3589,49426,49641,87224
3590,49408,49622,87255
3591,49390,49615,87277
3592,49375,49603,87310
3593,49364,49594,87330
3594,49354,49582,87355
3595,49336,49566,87386
3596,49321,49549,87413
3597,49314,49532,87442
3598,49307,49509,87474
3599,49296,49489,87502
3600,49284,49472,87524
3601,49270,49462,87542
3602,49257,49449,87568
3603,49245,49430,87599
3604,49230,49415,87628
3605,49217,49405,87653
3606,49203,49389,87682
3607,49194,49377,87703
3608,49179,49358,87728
3609,49169,49341,87753
3610,49163,49329,87772
3611,49141,49321,87801
3612,49127,49307,87826
3613,49121,49296,87843
3614,49113,49270,87878
3615,49100,49248,87912
3616,49092,49239,87932
3617,49071,49219,87971
3618,49056,49206,87998
3619,49038,49195,88023
3620,49022,49182,88053
3621,49007,49169,88084
3622,49000,49151,88110
3623,48991,49137,88134
3624,48975,49128,88160
3625,48960,49116,88190
3626,48945,49099,88226
3627,48934,49081,88256
3628,48921,49058,88284
3629,48913,49039,88315
3630,48900,49018,88346
3631,48888,49002,88374
3632,48874,48994,88398
3633,48862,48993,88419
3634,48849,48980,88443
3635,48837,48970,88466
3636,48817,48959,88497
3637,48809,48943,88525
3638,48798,48930,88549
3639,48791,48919,88573
3640,48781,48911,88592
3641,48766,48901,88621
3642,48749,48879,88657
3643,48734,48863,88689
3644,48721,48845,88719
3645,48709,48830,88741
3646,48689,48821,88773
3647,48675,48811,88797
3648,48652,48785,88843
3649,48635,48773,88867
3650,48619,48754,88904
