DAY,FEMALE,MALE,ZOMBIE
0,158542,156536,4
1,158541,156527,6
2,158592,156571,7
3,158643,156627,7
4,158708,156683,8
5,158775,156773,8
6,158863,156855,8
7,158932,156944,9
8,159027,157047,9
9,159127,157133,9
10,159211,157226,11
11,159286,157332,11
12,159381,157426,13
13,159468,157526,15
14,159568,157621,15
15,159656,157707,16
16,159754,157786,18
17,159823,157874,19
18,159908,157960,20
19,159989,158033,21
20,160062,158106,21
21,160139,158182,22
22,160208,158237,24
23,160278,158308,24
24,160369,158370,26
25,160444,158431,27
26,160511,158492,29
27,160586,158567,31
28,160651,158626,33
29,160720,158682,34
30,160769,158760,36
31,160845,158818,37
32,160895,158876,38
33,160950,158929,39
34,161003,158990,41
35,161049,159053,41
36,161099,159109,43
37,161146,159161,44
38,161202,159206,47
39,161256,159258,49
40,161300,159300,52
41,161344,159329,56
42,161377,159379,57
43,161434,159422,57
44,161496,159469,59
45,161539,159509,60
46,161583,159557,60
47,161634,159614,62
48,161688,159655,63
49,161729,159709,63
50,161759,159751,67
51,161802,159795,68
52,161852,159836,72
53,161898,159876,75
54,161944,159919,78
55,161980,159951,80
56,162024,160002,81
57,162068,160036,83
58,162108,160086,83
59,162158,160123,84
60,162198,160169,86
61,162243,160222,88
62,162272,160261,90
63,162314,160298,92
64,162361,160339,94
65,162409,160378,95
66,162440,160419,96
67,162472,160452,99
68,162500,160494,102
69,162539,160524,103
70,162577,160559,105
71,162611,160595,105
72,162661,160622,109
73,162693,160655,109
74,162725,160678,114
75,162764,160710,116
76,162799,160732,119
77,162828,160774,124
78,162859,160797,129
79,162889,160838,132
80,162930,160868,134
81,162964,160901,140
82,163004,160935,143
83,163045,160969,144
84,163080,160987,151
85,163107,161029,154
86,163129,161078,157
87,163173,161113,161
88,163219,161149,164
89,163244,161196,166
90,163280,161223,174
91,163301,161247,177
92,163350,161289,179
93,163378,161319,183
94,163414,161363,184
95,163444,161399,188
96,163473,161436,189
97,163502,161466,195
98,163545,161490,198
99,163575,161514,202
100,163604,161539,205
101,163635,161577,209
102,163663,161599,211
103,163694,161630,214
104,163734,161667,221
105,163763,161697,226
106,163804,161717,229
107,163830,161748,234
108,163855,161772,236
109,163899,161795,239
110,163921,161839,242
111,163948,161863,247
112,163971,161885,254
113,164010,161914,256
114,164037,161948,257
115,164053,161982,262
116,164083,161999,264
117,164119,162034,264
118,164159,162067,268
119,164194,162085,279
120,164217,162116,283
121,164250,162144,287
122,164276,162183,288
123,164299,162202,291
124,164338,162236,292
125,164364,162257,295
126,164390,162288,299
127,164413,162323,305
128,164429,162338,308
129,164450,162365,309
130,164478,162391,310
131,164504,162422,314
132,164527,162439,318
133,164547,162457,319
134,164574,162479,320
135,164607,162502,325
136,164638,162540,325
137,164664,162569,329
138,164698,162584,330
139,164737,162603,336
140,164763,162629,342
141,164780,162650,345
142,164808,162678,349
143,164830,162697,353
144,164855,162730,357
145,164890,162763,358
146,164914,162789,362
147,164940,162807,368
148,164968,162829,370
149,165000,162856,372
150,165022,162882,373
151,165043,162910,376
152,165065,162940,380
153,165086,162959,382
154,165115,162981,383
155,165138,163006,390
156,165159,163044,394
157,165195,163064,398
158,165214,163087,400
159,165238,163119,404
160,165267,163141,407
161,165291,163162,410
162,165318,163193,413
163,165339,163217,415
164,165355,163247,418
165,165373,163270,418
166,165386,163304,422
167,165397,163329,423
168,165413,163364,426
169,165427,163400,427
170,165459,163433,430
171,165496,163464,432
172,165522,163493,432
173,165546,163511,436
174,165581,163518,440
175,165615,163554,443
176,165644,163580,445
177,165663,163597,450
178,165677,163616,455
179,165701,163634,460
180,165716,163663,465
181,165740,163687,467
182,165755,163711,471
183,165771,163741,473
184,165781,163757,477
185,165799,163772,481
186,165823,163804,488
187,165847,163833,493
188,165886,163853,497
189,165906,163875,502
190,165935,163897,508
191,165959,163926,512
192,165977,163950,514
193,166000,163962,521
194,166014,163982,526
195,166041,164002,526
196,166064,164036,530
197,166080,164057,535
198,166099,164062,539
199,166121,164098,540
200,166143,164127,543
201,166170,164142,543
202,166189,164149,545
203,166214,164173,549
204,166239,164185,554
205,166263,164207,559
206,166293,164223,565
207,166312,164232,566
208,166329,164254,570
209,166347,164284,576
210,166364,164299,577
211,166391,164329,582
212,166417,164349,586
213,166432,164386,590
214,166441,164431,596
215,166460,164446,599
216,166491,164457,600
217,166515,164477,607
218,166543,164504,610
219,166579,164527,613
220,166624,164545,615
221,166636,164574,621
222,166660,164589,628
223,166683,164615,633
224,166707,164631,638
225,166726,164662,640
226,166754,164672,643
227,166772,164703,652
228,166797,164738,654
229,166814,164757,654
230,166850,164769,658
231,166873,164789,663
232,166891,164819,666
233,166924,164828,670
234,166940,164852,676
235,166963,164884,677
236,166987,164900,678
237,167013,164915,682
238,167030,164941,689
239,167047,164964,693
240,167060,164988,699
241,167075,165010,704
242,167093,165035,709
243,167113,165053,712
244,167127,165079,716
245,167150,165100,718
246,167155,165115,725
247,167166,165135,731
248,167186,165153,735
249,167213,165176,740
250,167223,165187,745
251,167242,165212,753
252,167263,165240,760
253,167278,165265,763
254,167303,165283,771
255,167323,165294,779
256,167342,165312,788
257,167375,165327,791
258,167401,165348,795
259,167431,165373,801
260,167461,165385,803
261,167482,165397,806
262,167496,165421,812
263,167517,165438,817
264,167540,165455,822
265,167561,165471,829
266,167590,165490,832
267,167619,165503,839
268,167649,165527,850
269,167672,165540,855
270,167692,165552,863
271,167719,165574,870
272,167724,165586,877
273,167734,165598,887
274,167752,165606,895
275,167766,165626,900
276,167787,165644,905
277,167804,165661,910
278,167827,165688,916
279,167846,165703,923
280,167866,165731,928
281,167885,165765,932
282,167900,165779,936
283,167925,165801,939
284,167941,165824,943
285,167954,165850,946
286,167970,165864,953
287,167994,165881,957
288,168012,165896,965
289,168031,165908,969
290,168038,165919,975
291,168048,165940,982
292,168063,165954,985
293,168083,165970,992
294,168104,165988,999
295,168119,165993,1007
296,168125,166012,1012
297,168137,166033,1015
298,168147,166052,1023
299,168162,166068,1028
300,168185,166090,1032
301,168204,166102,1037
302,168227,166117,1044
303,168251,166137,1045
304,168276,166154,1050
305,168297,166173,1058
306,168310,166195,1065
307,168338,166214,1072
308,168351,166231,1079
309,168370,166253,1085
310,168392,166275,1091
311,168415,166291,1098
312,168432,166313,1102
313,168458,166335,1107
314,168460,166344,1115
315,168473,166362,1123
316,168482,166380,1128
317,168501,166404,1135
318,168521,166409,1142
319,168536,166428,1148
320,168553,166448,1154
321,168570,166467,1159
322,168590,166488,1166
323,168618,166502,1171
324,168632,166519,1178
325,168649,166542,1181
326,168662,166562,1186
327,168680,166574,1193
328,168690,166597,1199
329,168698,166616,1206
330,168718,166644,1209
331,168729,166650,1218
332,168740,166674,1224
333,168762,166694,1229
334,168778,166708,1233
335,168799,166713,1238
336,168830,166730,1241
337,168836,166745,1249
338,168862,166764,1254
339,168876,166783,1261
340,168889,166800,1268
341,168900,166819,1276
342,168922,166855,1282
343,168940,166871,1289
344,168965,166884,1293
345,168979,166901,1300
346,168994,166923,1306
347,169007,166945,1310
348,169021,166962,1317
349,169045,166982,1324
350,169056,166998,1333
351,169061,167016,1341
352,169079,167034,1348
353,169100,167043,1356
354,169121,167066,1361
355,169135,167078,1365
356,169144,167089,1371
357,169159,167103,1380
358,169170,167128,1388
359,169182,167147,1394
360,169200,167159,1401
361,169211,167183,1411
362,169228,167195,1416
363,169238,167199,1426
364,169259,167216,1428
365,169273,167225,1434
366,169277,167240,1443
367,169285,167264,1448
368,169295,167280,1456
369,169320,167297,1464
370,169344,167308,1469
371,169345,167314,1481
372,169358,167342,1486
373,169373,167359,1492
374,169388,167386,1500
375,169407,167398,1503
376,169421,167416,1512
377,169433,167415,1521
378,169449,167424,1528
379,169459,167431,1537
380,169471,167455,1546
381,169481,167471,1557
382,169494,167485,1565
383,169513,167506,1573
384,169531,167529,1583
385,169542,167548,1589
386,169558,167568,1601
387,169577,167593,1603
388,169604,167597,1609
389,169619,167604,1618
390,169641,167624,1624
391,169660,167643,1630
392,169672,167655,1640
393,169690,167671,1650
394,169705,167689,1657
395,169716,167701,1671
396,169736,167712,1677
397,169752,167733,1684
398,169771,167749,1695
399,169775,167768,1704
400,169794,167784,1710
401,169818,167805,1718
402,169829,167827,1727
403,169837,167835,1738
404,169843,167853,1747
405,169854,167858,1755
406,169873,167883,1766
407,169887,167908,1773
408,169901,167907,1785
409,169918,167915,1791
410,169940,167931,1800
411,169960,167956,1809
412,169979,167963,1815
413,169985,167977,1822
414,169994,167997,1830
415,170013,168011,1837
416,170031,168024,1847
417,170036,168038,1858
418,170050,168056,1868
419,170053,168076,1880
420,170062,168089,1886
421,170074,168101,1896
422,170092,168113,1903
423,170109,168130,1911
424,170126,168136,1924
425,170136,168156,1933
426,170159,168174,1941
427,170169,168191,1957
428,170188,168208,1967
429,170194,168223,1976
430,170207,168239,1985
431,170223,168251,1991
432,170234,168266,1994
433,170238,168287,2003
434,170242,168303,2014
435,170254,168323,2024
436,170281,168342,2030
437,170303,168346,2034
438,170317,168361,2047
439,170328,168372,2058
440,170334,168388,2067
441,170346,168398,2075
442,170357,168416,2082
443,170368,168429,2091
444,170382,168439,2099
445,170384,168456,2110
446,170399,168471,2120
447,170404,168490,2130
448,170418,168504,2143
449,170445,168524,2152
450,170441,168532,2164
451,170462,168541,2175
452,170470,168559,2189
453,170482,168561,2194
454,170487,168575,2205
455,170502,168588,2213
456,170503,168605,2222
457,170508,168625,2233
458,170525,168631,2241
459,170547,168649,2249
460,170558,168660,2260
461,170568,168675,2268
462,170576,168679,2279
463,170592,168689,2287
464,170595,168702,2297
465,170606,168713,2303
466,170627,168727,2312
467,170642,168752,2321
468,170655,168772,2331
469,170669,168779,2336
470,170682,168784,2346
471,170705,168800,2359
472,170716,168824,2368
473,170730,168842,2372
474,170747,168849,2382
475,170764,168865,2392
476,170781,168877,2400
477,170794,168887,2413
478,170803,168903,2418
479,170812,168910,2422
480,170816,168915,2431
481,170821,168928,2443
482,170850,168938,2451
483,170878,168949,2459
484,170896,168975,2464
485,170907,168991,2470
486,170910,169005,2479
487,170921,169016,2490
488,170933,169033,2500
489,170942,169050,2513
490,170956,169055,2533
491,170963,169062,2545
492,170983,169062,2559
493,170996,169074,2564
494,171002,169096,2574
495,171018,169123,2582
496,171030,169130,2592
497,171041,169143,2599
498,171061,169154,2611
499,171069,169164,2615
500,171081,169178,2622
501,171090,169183,2641
502,171106,169193,2656
503,171119,169212,2666
504,171143,169217,2675
505,171150,169231,2682
506,171159,169238,2692
507,171180,169242,2699
508,171185,169254,2709
509,171193,169274,2721
510,171195,169293,2732
511,171203,169304,2746
512,171212,169309,2755
513,171224,169320,2759
514,171235,169332,2772
515,171244,169351,2778
516,171264,169354,2792
517,171281,169362,2800
518,171299,169372,2809
519,171314,169392,2817
520,171324,169399,2827
521,171335,169407,2838
522,171346,169421,2850
523,171357,169434,2859
524,171366,169444,2863
525,171382,169455,2872
526,171401,169470,2884
527,171402,169494,2895
528,171417,169508,2906
529,171425,169531,2912
530,171434,169545,2923
531,171440,169551,2935
532,171458,169562,2947
533,171458,169577,2955
534,171465,169594,2965
535,171478,169604,2976
536,171498,169629,2981
537,171518,169640,2990
538,171517,169647,2999
539,171528,169665,3007
540,171535,169679,3020
541,171544,169684,3025
542,171559,169689,3033
543,171573,169691,3038
544,171576,169709,3055
545,171596,169710,3065
546,171599,169731,3078
547,171613,169739,3089
548,171625,169751,3094
549,171644,169771,3099
550,171664,169785,3106
551,171670,169792,3113
552,171686,169809,3120
553,171707,169825,3126
554,171714,169842,3136
555,171729,169853,3144
556,171734,169860,3158
557,171748,169871,3164
558,171766,169885,3173
559,171789,169898,3183
560,171797,169912,3193
561,171801,169923,3201
562,171821,169936,3208
563,171831,169940,3216
564,171846,169953,3223
565,171868,169965,3228
566,171866,169993,3238
567,171891,170005,3243
568,171910,169997,3255
569,171921,170017,3262
570,171937,170023,3272
571,171952,170036,3281
572,171959,170047,3287
573,171982,170057,3299
574,171988,170073,3304
575,172012,170086,3312
576,172033,170115,3317
577,172044,170117,3329
578,172057,170127,3346
579,172069,170127,3365
580,172068,170140,3377
581,172085,170154,3381
582,172102,170171,3390
583,172100,170185,3397
584,172105,170203,3405
585,172109,170215,3422
586,172115,170213,3430
587,172121,170224,3441
588,172130,170243,3449
589,172146,170258,3456
590,172159,170264,3467
591,172171,170273,3473
592,172172,170288,3478
593,172174,170297,3484
594,172181,170318,3493
595,172189,170329,3503
596,172199,170350,3510
597,172217,170354,3519
598,172227,170365,3529
599,172236,170373,3542
600,172247,170387,3551
601,172256,170400,3561
602,172266,170401,3575
603,172274,170409,3584
604,172293,170427,3594
605,172304,170442,3603
606,172313,170448,3612
607,172329,170450,3626
608,172337,170465,3633
609,172345,170472,3641
610,172354,170487,3649
611,172361,170506,3660
612,172383,170513,3667
613,172388,170526,3674
614,172408,170536,3688
615,172424,170551,3696
616,172431,170564,3706
617,172437,170572,3716
618,172441,170582,3725
619,172456,170588,3733
620,172462,170598,3745
621,172464,170604,3760
622,172479,170601,3768
623,172491,170615,3783
624,172489,170628,3791
625,172497,170649,3800
626,172514,170666,3809
627,172521,170676,3826
628,172535,170688,3837
629,172545,170692,3844
630,172543,170711,3858
631,172564,170731,3865
632,172581,170733,3877
633,172590,170746,3889
634,172612,170758,3896
635,172621,170770,3903
636,172633,170779,3912
637,172640,170797,3924
638,172648,170811,3938
639,172660,170817,3948
640,172666,170831,3964
641,172678,170844,3973
642,172683,170844,3993
643,172692,170851,4005
644,172701,170865,4020
645,172706,170876,4032
646,172720,170879,4044
647,172736,170879,4055
648,172747,170885,4064
649,172760,170896,4070
650,172762,170907,4084
651,172769,170916,4098
652,172779,170916,4116
653,172790,170937,4123
654,172802,170942,4130
655,172813,170943,4138
656,172826,170955,4144
657,172826,170967,4154
658,172847,170979,4161
659,172851,170998,4175
660,172856,171010,4183
661,172866,171027,4190
662,172880,171047,4201
663,172892,171048,4213
664,172908,171056,4222
665,172916,171068,4232
666,172922,171085,4236
667,172942,171094,4245
668,172953,171104,4257
669,172965,171115,4265
670,172976,171133,4272
671,172987,171139,4280
672,173003,171156,4289
673,173016,171159,4297
674,173022,171176,4305
675,173037,171196,4312
676,173041,171213,4322
677,173055,171218,4334
678,173054,171225,4351
679,173054,171237,4366
680,173063,171249,4377
681,173066,171251,4390
682,173079,171268,4401
683,173089,171268,4415
684,173102,171270,4430
685,173122,171283,4434
686,173132,171285,4443
687,173142,171304,4459
688,173143,171325,4471
689,173139,171335,4487
690,173146,171344,4504
691,173148,171357,4518
692,173154,171368,4530
693,173165,171386,4539
694,173169,171396,4549
695,173178,171414,4563
696,173184,171414,4575
697,173195,171423,4587
698,173199,171434,4604
699,173205,171451,4619
700,173212,171463,4624
701,173227,171474,4632
702,173250,171480,4646
703,173265,171495,4658
704,173272,171499,4678
705,173280,171510,4690
706,173281,171526,4710
707,173278,171544,4724
708,173281,171554,4737
709,173288,171557,4749
710,173304,171575,4758
711,173311,171587,4770
712,173309,171589,4787
713,173323,171605,4799
714,173323,171607,4819
715,173335,171614,4836
716,173352,171620,4846
717,173345,171640,4863
718,173358,171644,4877
719,173370,171657,4890
720,173374,171662,4906
721,173380,171674,4918
722,173376,171676,4937
723,173381,171674,4953
724,173393,171693,4970
725,173396,171698,4988
726,173404,171703,5006
727,173409,171706,5033
728,173414,171710,5054
729,173415,171705,5076
730,173425,171708,5097
731,173432,171703,5123
732,173436,171697,5153
733,173453,171711,5168
734,173462,171720,5185
735,173459,171718,5201
736,173453,171725,5229
737,173455,171725,5257
738,173465,171738,5277
739,173466,171741,5302
740,173476,171750,5328
741,173467,171736,5363
742,173452,171741,5398
743,173455,171736,5430
744,173451,171740,5457
745,173446,171738,5488
746,173446,171736,5517
747,173439,171749,5548
748,173435,171746,5575
749,173443,171741,5602
750,173457,171741,5636
751,173449,171731,5671
752,173445,171723,5714
753,173442,171708,5750
754,173438,171701,5782
755,173425,171721,5816
756,173433,171716,5836
757,173447,171716,5858
758,173449,171715,5890
759,173452,171731,5915
760,173450,171732,5948
761,173449,171723,5976
762,173451,171721,6000
763,173447,171717,6034
764,173447,171719,6059
765,173437,171700,6090
766,173447,171711,6114
767,173445,171702,6143
768,173442,171708,6171
769,173435,171710,6195
770,173429,171719,6211
771,173431,171720,6242
772,173439,171722,6262
773,173448,171724,6282
774,173460,171722,6307
775,173467,171725,6335
776,173464,171722,6363
777,173476,171728,6383
778,173480,171722,6407
779,173476,171725,6433
780,173483,171721,6465
781,173483,171725,6493
782,173492,171716,6523
783,173491,171730,6543
784,173489,171728,6570
785,173489,171733,6594
786,173494,171727,6608
787,173493,171732,6623
788,173492,171735,6641
789,173498,171728,6666
790,173500,171738,6686
791,173502,171746,6718
792,173499,171756,6746
793,173507,171753,6772
794,173516,171750,6799
795,173521,171756,6818
796,173525,171759,6843
797,173526,171750,6868
798,173540,171752,6882
799,173537,171758,6901
800,173535,171765,6932
801,173532,171767,6963
802,173537,171769,6996
803,173522,171775,7032
804,173515,171781,7071
805,173525,171761,7110
806,173531,171751,7148
807,173524,171739,7186
808,173531,171742,7217
809,173536,171745,7247
810,173521,171745,7281
811,173518,171741,7311
812,173521,171749,7341
813,173531,171738,7371
814,173517,171730,7408
815,173516,171728,7444
816,173514,171710,7482
817,173506,171706,7513
818,173509,171702,7542
819,173507,171696,7581
820,173506,171699,7613
821,173512,171696,7645
822,173510,171706,7677
823,173506,171702,7712
824,173510,171702,7735
825,173509,171685,7773
826,173516,171685,7810
827,173524,171671,7842
828,173518,171674,7877
829,173514,171679,7913
830,173513,171679,7946
831,173506,171677,7980
832,173508,171681,8007
833,173509,171677,8035
834,173514,171658,8073
835,173495,171650,8117
836,173478,171646,8159
837,173463,171633,8204
838,173445,171624,8252
839,173429,171616,8295
840,173419,171602,8339
841,173407,171587,8385
842,173398,171575,8436
843,173390,171565,8478
844,173390,171562,8517
845,173374,171545,8563
846,173360,171534,8605
847,173364,171527,8637
848,173355,171524,8678
849,173348,171503,8731
850,173339,171492,8770
851,173322,171474,8823
852,173315,171464,8873
853,173305,171451,8919
854,173283,171444,8976
855,173272,171424,9041
856,173261,171403,9097
857,173241,171383,9162
858,173243,171357,9216
859,173224,171354,9267
860,173204,171342,9321
861,173185,171328,9387
862,173169,171305,9444
863,173149,171289,9509
864,173140,171288,9562
865,173130,171272,9616
866,173125,171258,9670
867,173125,171240,9712
868,173127,171243,9755
869,173118,171223,9803
870,173105,171205,9844
871,173110,171192,9892
872,173098,171180,9935
873,173089,171184,9967
874,173090,171171,10002
875,173073,171179,10036
876,173065,171169,10076
877,173067,171156,10111
878,173056,171144,10143
879,173044,171135,10178
880,173030,171122,10216
881,173026,171108,10247
882,173014,171099,10277
883,173015,171085,10319
884,173002,171062,10368
885,173004,171045,10411
886,172979,171031,10459
887,172973,171022,10496
888,172968,171018,10541
889,172965,170998,10587
890,172950,170978,10636
891,172950,170973,10679
892,172942,170954,10729
893,172926,170940,10779
894,172929,170946,10820
895,172920,170933,10862
896,172921,170927,10899
897,172907,170919,10948
898,172881,170901,10999
899,172869,170887,11047
900,172861,170873,11089
901,172847,170868,11136
902,172820,170859,11190
903,172812,170844,11236
904,172801,170840,11274
905,172786,170834,11316
906,172783,170822,11349
907,172775,170800,11393
908,172777,170794,11423
909,172778,170769,11472
910,172777,170754,11507
911,172768,170731,11556
912,172756,170719,11600
913,172751,170715,11636
914,172737,170711,11679
915,172740,170705,11719
916,172757,170690,11755
917,172753,170674,11798
918,172754,170656,11835
919,172739,170640,11883
920,172736,170621,11936
921,172722,170619,11988
922,172710,170584,12044
923,172707,170588,12084
924,172702,170583,12133
925,172684,170585,12179
926,172673,170572,12230
927,172662,170553,12277
928,172650,170545,12338
929,172625,170532,12405
930,172605,170525,12464
931,172583,170510,12537
932,172577,170504,12585
933,172563,170485,12638
934,172550,170475,12689
935,172541,170461,12733
936,172532,170452,12779
937,172517,170441,12829
938,172493,170431,12878
939,172478,170413,12928
940,172462,170402,12984
941,172437,170395,13040
942,172409,170388,13099
943,172395,170376,13169
944,172382,170354,13231
945,172382,170326,13275
946,172356,170312,13334
947,172337,170300,13387
948,172324,170292,13439
949,172302,170279,13489
950,172280,170271,13537
951,172276,170261,13588
952,172260,170240,13648
953,172244,170222,13698
954,172240,170200,13749
955,172218,170195,13802
956,172190,170179,13857
957,172180,170175,13899
958,172172,170179,13933
959,172155,170177,13973
960,172164,170166,14009
961,172148,170161,14045
962,172139,170162,14089
963,172117,170141,14139
964,172087,170119,14194
965,172067,170121,14236
966,172035,170113,14280
967,172013,170092,14336
968,171990,170066,14395
969,171978,170051,14442
970,171958,170038,14500
971,171944,170025,14554
972,171931,170007,14607
973,171909,170013,14654
974,171883,170012,14704
975,171849,170012,14764
976,171828,170002,14814
977,171801,169983,14881
978,171795,169965,14930
979,171770,169953,14992
980,171756,169937,15052
981,171737,169924,15111
982,171721,169910,15170
983,171702,169902,15216
984,171693,169890,15262
985,171676,169871,15319
986,171670,169851,15370
987,171656,169834,15422
988,171641,169821,15474
989,171627,169820,15516
990,171607,169828,15555
991,171595,169815,15596
992,171578,169808,15641
993,171554,169808,15694
994,171539,169801,15733
995,171529,169793,15774
996,171522,169789,15814
997,171506,169780,15852
998,171497,169781,15890
999,171493,169769,15934
1000,171475,169766,15978
1001,171476,169765,16019
1002,171461,169758,16068
1003,171439,169749,16117
1004,171420,169736,16171
1005,171393,169741,16224
1006,171387,169729,16276
1007,171369,169711,16344
1008,171342,169701,16399
1009,171328,169694,16454
1010,171316,169677,16516
1011,171283,169679,16573
1012,171266,169648,16631
1013,171242,169641,16685
1014,171228,169621,16748
1015,171220,169606,16806
1016,171194,169597,16872
1017,171170,169592,16933
1018,171136,169577,17002
1019,171118,169557,17072
1020,171095,169536,17140
1021,171063,169504,17209
1022,171027,169497,17267
1023,171002,169479,17329
1024,170978,169470,17385
1025,170956,169454,17456
1026,170931,169446,17517
1027,170903,169434,17584
1028,170877,169420,17649
1029,170875,169410,17700
1030,170853,169401,17756
1031,170843,169383,17811
1032,170831,169371,17860
1033,170817,169355,17909
1034,170809,169330,17955
1035,170792,169332,18002
1036,170792,169311,18039
1037,170782,169299,18086
1038,170777,169284,18125
1039,170771,169259,18169
1040,170771,169244,18213
1041,170743,169240,18252
1042,170733,169237,18294
1043,170721,169217,18340
1044,170708,169216,18390
1045,170697,169211,18443
1046,170676,169203,18494
1047,170652,169197,18548
1048,170642,169189,18594
1049,170624,169177,18646
1050,170614,169153,18700
1051,170601,169138,18755
1052,170590,169132,18798
1053,170566,169123,18848
1054,170540,169104,18906
1055,170528,169099,18949
1056,170515,169093,18997
1057,170500,169089,19040
1058,170487,169070,19092
1059,170466,169071,19147
1060,170446,169061,19200
1061,170415,169031,19261
1062,170387,169026,19311
1063,170374,169013,19360
1064,170354,168995,19421
1065,170340,168975,19483
1066,170312,168951,19545
1067,170295,168942,19592
1068,170280,168925,19650
1069,170256,168908,19714
1070,170242,168880,19779
1071,170208,168863,19857
1072,170184,168849,19923
1073,170159,168818,19997
1074,170137,168780,20072
1075,170112,168772,20134
1076,170089,168757,20188
1077,170062,168745,20242
1078,170040,168729,20300
1079,170022,168704,20355
1080,170005,168690,20406
1081,169982,168663,20477
1082,169966,168644,20530
1083,169961,168630,20593
1084,169951,168611,20644
1085,169948,168586,20700
1086,169924,168558,20782
1087,169906,168534,20853
1088,169894,168511,20909
1089,169865,168494,20966
1090,169823,168469,21046
1091,169789,168433,21123
1092,169767,168416,21194
1093,169754,168396,21264
1094,169723,168390,21331
1095,169695,168373,21397
1096,169670,168346,21473
1097,169627,168326,21562
1098,169602,168292,21635
1099,169571,168279,21705
1100,169550,168252,21782
1101,169532,168227,21850
1102,169509,168197,21925
1103,169488,168183,21982
1104,169470,168154,22042
1105,169439,168124,22114
1106,169414,168103,22182
1107,169400,168072,22253
1108,169376,168043,22325
1109,169340,168009,22404
1110,169316,167984,22474
1111,169280,167969,22542
1112,169254,167967,22601
1113,169247,167947,22661
1114,169224,167935,22717
1115,169201,167919,22779
1116,169179,167901,22838
1117,169155,167876,22898
1118,169146,167862,22944
1119,169121,167844,22997
1120,169102,167840,23055
1121,169084,167825,23105
1122,169068,167805,23161
1123,169046,167789,23215
1124,169031,167764,23274
1125,169018,167735,23336
1126,168993,167708,23388
1127,168975,167673,23458
1128,168958,167661,23523
1129,168941,167654,23581
1130,168923,167633,23643
1131,168902,167601,23713
1132,168875,167579,23779
1133,168844,167559,23844
1134,168819,167539,23910
1135,168801,167515,23978
1136,168778,167489,24041
1137,168761,167464,24098
1138,168739,167428,24165
1139,168718,167388,24246
1140,168695,167365,24309
1141,168660,167334,24385
1142,168634,167300,24470
1143,168605,167279,24542
1144,168587,167257,24615
1145,168554,167230,24697
1146,168527,167201,24764
1147,168490,167173,24842
1148,168478,167148,24909
1149,168456,167115,24983
1150,168425,167103,25048
1151,168404,167076,25117
1152,168375,167056,25182
1153,168347,167046,25240
1154,168328,167018,25309
1155,168301,166995,25373
1156,168293,166967,25435
1157,168269,166944,25487
1158,168259,166922,25543
1159,168218,166899,25623
1160,168179,166878,25699
1161,168149,166860,25766
1162,168125,166844,25823
1163,168102,166828,25881
1164,168083,166803,25938
1165,168062,166796,25994
1166,168040,166776,26053
1167,168027,166774,26104
1168,167997,166756,26162
1169,167974,166733,26229
1170,167940,166724,26286
1171,167912,166705,26359
1172,167877,166678,26422
1173,167853,166650,26484
1174,167830,166622,26556
1175,167794,166601,26632
1176,167785,166581,26693
1177,167774,166572,26742
1178,167743,166536,26817
1179,167734,166524,26868
1180,167704,166501,26931
1181,167679,166482,26993
1182,167661,166453,27062
1183,167641,166440,27120
1184,167618,166435,27175
1185,167597,166438,27228
1186,167580,166426,27276
1187,167563,166400,27349
1188,167545,166375,27410
1189,167521,166353,27463
1190,167487,166339,27530
1191,167473,166315,27590
1192,167452,166297,27651
1193,167421,166279,27712
1194,167385,166261,27780
1195,167362,166248,27834
1196,167324,166230,27903
1197,167317,166218,27958
1198,167305,166192,28017
1199,167292,166191,28067
1200,167254,166168,28134
1201,167231,166161,28190
1202,167209,166143,28239
1203,167185,166136,28292
1204,167190,166118,28348
1205,167171,166091,28404
1206,167167,166087,28439
1207,167141,166079,28491
1208,167141,166052,28539
1209,167118,166031,28600
1210,167111,166015,28656
1211,167089,166006,28704
1212,167072,165996,28754
1213,167051,165990,28803
1214,167011,165979,28876
1215,166983,165959,28937
1216,166953,165938,29003
1217,166928,165912,29063
1218,166905,165891,29119
1219,166878,165870,29187
1220,166838,165853,29269
1221,166812,165826,29340
1222,166774,165804,29413
1223,166752,165788,29471
1224,166712,165765,29537
1225,166677,165734,29615
1226,166649,165711,29682
1227,166636,165681,29743
1228,166605,165644,29818
1229,166582,165616,29891
1230,166554,165597,29955
1231,166522,165569,30023
1232,166493,165537,30089
1233,166474,165529,30145
1234,166453,165515,30194
1235,166433,165492,30244
1236,166415,165466,30302
1237,166386,165440,30372
1238,166375,165424,30423
1239,166345,165414,30478
1240,166313,165389,30543
1241,166295,165371,30602
1242,166270,165349,30670
1243,166243,165320,30728
1244,166235,165316,30781
1245,166214,165297,30844
1246,166193,165278,30910
1247,166162,165258,30968
1248,166146,165239,31029
1249,166110,165219,31099
1250,166080,165207,31163
1251,166059,165191,31223
1252,166032,165168,31290
1253,166005,165142,31358
1254,165975,165126,31422
1255,165955,165098,31485
1256,165939,165078,31545
1257,165918,165053,31611
1258,165893,165026,31675
1259,165863,165013,31740
1260,165842,164985,31810
1261,165825,164962,31860
1262,165813,164937,31924
1263,165778,164916,31995
1264,165752,164883,32062
1265,165731,164863,32122
1266,165702,164842,32195
1267,165683,164804,32270
1268,165643,164779,32357
1269,165619,164756,32414
1270,165599,164733,32470
1271,165589,164716,32533
1272,165571,164686,32595
1273,165543,164669,32656
1274,165523,164637,32728
1275,165502,164631,32784
1276,165497,164619,32838
1277,165486,164597,32885
1278,165471,164588,32935
1279,165457,164566,33000
1280,165431,164555,33056
1281,165396,164532,33122
1282,165373,164497,33186
1283,165349,164480,33245
1284,165332,164459,33305
1285,165309,164423,33382
1286,165283,164401,33456
1287,165254,164375,33514
1288,165240,164343,33585
1289,165216,164325,33654
1290,165189,164299,33724
1291,165165,164272,33790
1292,165130,164241,33864
1293,165090,164220,33944
1294,165063,164177,34028
1295,165047,164153,34087
1296,165030,164127,34152
1297,164991,164102,34225
1298,164965,164081,34285
1299,164948,164054,34364
1300,164928,164026,34431
1301,164896,163998,34508
1302,164862,163965,34585
1303,164829,163932,34665
1304,164809,163898,34738
1305,164780,163871,34806
1306,164759,163858,34871
1307,164715,163815,34952
1308,164695,163782,35015
1309,164655,163742,35106
1310,164630,163708,35184
1311,164598,163680,35261
1312,164574,163646,35340
1313,164532,163618,35433
1314,164501,163611,35492
1315,164470,163575,35578
1316,164447,163540,35649
1317,164405,163513,35730
1318,164377,163468,35818
1319,164341,163417,35919
1320,164311,163384,36005
1321,164279,163343,36083
1322,164237,163306,36177
1323,164215,163275,36257
1324,164203,163232,36327
1325,164181,163204,36409
1326,164147,163189,36484
1327,164125,163156,36552
1328,164093,163130,36632
1329,164060,163098,36712
1330,164033,163058,36788
1331,164009,163023,36864
1332,163991,163001,36931
1333,163981,162982,36998
1334,163951,162963,37060
1335,163928,162935,37128
1336,163896,162904,37202
1337,163882,162888,37266
1338,163859,162871,37324
1339,163816,162857,37390
1340,163785,162827,37462
1341,163761,162803,37524
1342,163743,162779,37585
1343,163722,162765,37640
1344,163700,162738,37705
1345,163678,162722,37762
1346,163662,162707,37813
1347,163641,162684,37869
1348,163616,162667,37927
1349,163598,162650,37983
1350,163581,162617,38050
1351,163565,162592,38120
1352,163541,162575,38184
1353,163507,162551,38256
1354,163473,162512,38336
1355,163434,162490,38416
1356,163407,162458,38482
1357,163372,162430,38560
1358,163326,162407,38649
1359,163296,162372,38748
1360,163260,162335,38839
1361,163220,162312,38920
1362,163184,162296,39001
1363,163154,162273,39066
1364,163129,162239,39142
1365,163099,162220,39204
1366,163067,162192,39276
1367,163044,162182,39341
1368,163027,162152,39410
1369,162998,162127,39469
1370,162977,162110,39523
1371,162950,162091,39596
1372,162924,162069,39662
1373,162896,162061,39721
1374,162880,162047,39771
1375,162858,162032,39821
1376,162825,162020,39880
1377,162802,161994,39947
1378,162774,161968,40008
1379,162761,161940,40066
1380,162733,161922,40127
1381,162693,161910,40194
1382,162669,161888,40250
1383,162631,161873,40325
1384,162609,161857,40385
1385,162569,161836,40445
1386,162539,161812,40514
1387,162503,161775,40594
1388,162472,161759,40662
1389,162438,161732,40737
1390,162387,161714,40841
1391,162348,161677,40929
1392,162318,161658,41009
1393,162274,161637,41095
1394,162231,161600,41183
1395,162191,161578,41257
1396,162138,161545,41353
1397,162106,161504,41447
1398,162064,161480,41536
1399,162024,161447,41620
1400,161977,161429,41700
1401,161929,161411,41790
1402,161884,161385,41866
1403,161845,161350,41944
1404,161797,161336,42028
1405,161749,161299,42124
1406,161728,161278,42187
1407,161692,161250,42255
1408,161654,161219,42338
1409,161638,161174,42426
1410,161621,161147,42491
1411,161588,161120,42554
1412,161572,161104,42607
1413,161558,161085,42661
1414,161528,161051,42734
1415,161506,161029,42794
1416,161486,160996,42861
1417,161453,160960,42942
1418,161430,160935,43017
1419,161396,160895,43084
1420,161379,160878,43149
1421,161347,160847,43232
1422,161328,160807,43301
1423,161283,160783,43373
1424,161257,160756,43451
1425,161229,160730,43519
1426,161205,160703,43599
1427,161166,160677,43683
1428,161130,160663,43765
1429,161104,160627,43838
1430,161065,160607,43918
1431,161031,160587,43997
1432,160991,160557,44077
1433,160966,160522,44168
1434,160939,160489,44242
1435,160897,160449,44329
1436,160851,160419,44421
1437,160807,160398,44506
1438,160760,160353,44605
1439,160731,160316,44701
1440,160694,160286,44778
1441,160623,160255,44882
1442,160584,160207,44986
1443,160551,160155,45083
1444,160514,160105,45187
1445,160473,160064,45289
1446,160431,160036,45377
1447,160374,160013,45472
1448,160331,159966,45571
1449,160302,159926,45655
1450,160268,159898,45726
1451,160236,159866,45809
1452,160211,159816,45906
1453,160182,159780,45988
1454,160151,159751,46075
1455,160113,159711,46166
1456,160067,159667,46265
1457,160025,159646,46350
1458,159983,159615,46444
1459,159962,159573,46526
1460,159908,159553,46614
1461,159867,159522,46694
1462,159833,159496,46771
1463,159791,159474,46855
1464,159726,159433,46958
1465,159692,159402,47034
1466,159641,159358,47133
1467,159608,159330,47215
1468,159569,159300,47295
1469,159514,159269,47399
1470,159458,159234,47496
1471,159418,159192,47597
1472,159358,159159,47697
1473,159315,159121,47795
1474,159271,159096,47881
1475,159231,159063,47972
1476,159197,159030,48055
1477,159164,158996,48133
1478,159125,158977,48209
1479,159084,158956,48291
1480,159027,158928,48378
1481,158979,158889,48469
1482,158939,158859,48546
1483,158898,158844,48611
1484,158866,158821,48683
1485,158839,158786,48758
1486,158816,158770,48819
1487,158779,158750,48886
1488,158761,158730,48948
1489,158723,158706,49027
1490,158689,158698,49081
1491,158661,158663,49154
1492,158639,158646,49204
1493,158620,158629,49263
1494,158589,158601,49338
1495,158561,158580,49397
1496,158523,158551,49473
1497,158496,158533,49537
1498,158464,158504,49600
1499,158427,158477,49673
1500,158388,158453,49750
1501,158355,158421,49822
1502,158322,158390,49894
1503,158285,158358,49978
1504,158256,158323,50059
1505,158222,158285,50139
1506,158184,158252,50226
1507,158154,158214,50313
1508,158121,158172,50408
1509,158074,158168,50475
1510,158042,158137,50554
1511,158009,158105,50624
1512,157969,158077,50698
1513,157934,158033,50783
1514,157903,158006,50850
1515,157862,157970,50939
1516,157836,157922,51023
1517,157804,157879,51106
1518,157770,157847,51183
1519,157736,157811,51258
1520,157700,157770,51339
1521,157671,157738,51417
1522,157641,157713,51490
1523,157618,157685,51552
1524,157591,157648,51629
1525,157579,157605,51700
1526,157539,157581,51783
1527,157507,157551,51853
1528,157468,157509,51936
1529,157444,157468,52021
1530,157406,157434,52111
1531,157364,157408,52189
1532,157313,157373,52281
1533,157276,157335,52372
1534,157242,157306,52451
1535,157206,157280,52528
1536,157162,157230,52616
1537,157131,157196,52694
1538,157083,157161,52779
1539,157049,157114,52872
1540,157015,157083,52950
1541,156975,157056,53028
1542,156935,157021,53111
1543,156908,156987,53189
1544,156872,156951,53272
1545,156846,156913,53347
1546,156800,156867,53435
1547,156775,156829,53509
1548,156741,156788,53590
1549,156710,156751,53675
1550,156670,156712,53765
1551,156636,156680,53843
1552,156597,156648,53929
1553,156564,156609,54015
1554,156514,156575,54114
1555,156472,156534,54200
1556,156431,156502,54280
1557,156400,156467,54369
1558,156360,156433,54461
1559,156324,156400,54540
1560,156290,156375,54602
1561,156261,156351,54674
1562,156235,156312,54751
1563,156190,156293,54823
1564,156162,156265,54892
1565,156133,156233,54955
1566,156101,156202,55021
1567,156069,156191,55082
1568,156048,156157,55145
1569,156008,156134,55220
1570,155982,156105,55290
1571,155961,156073,55354
1572,155933,156048,55426
1573,155913,156018,55497
1574,155878,155993,55564
1575,155840,155954,55646
1576,155812,155925,55715
1577,155792,155889,55783
1578,155767,155870,55845
1579,155740,155839,55911
1580,155705,155806,55987
1581,155667,155771,56065
1582,155638,155741,56145
1583,155612,155706,56217
1584,155592,155660,56305
1585,155560,155624,56378
1586,155529,155587,56467
1587,155496,155548,56552
1588,155455,155500,56644
1589,155415,155457,56727
1590,155380,155415,56822
1591,155333,155377,56924
1592,155297,155332,57007
1593,155253,155282,57106
1594,155212,155236,57207
1595,155168,155176,57317
1596,155115,155132,57419
1597,155075,155080,57523
1598,155031,155040,57615
1599,154988,154999,57707
1600,154944,154944,57819
1601,154903,154900,57913
1602,154866,154850,58011
1603,154822,154807,58109
1604,154788,154755,58209
1605,154738,154716,58313
1606,154696,154656,58421
1607,154655,154611,58521
1608,154610,154566,58623
1609,154565,154516,58729
1610,154530,154471,58825
1611,154479,154420,58934
1612,154453,154383,59014
1613,154414,154337,59108
1614,154373,154297,59198
1615,154330,154262,59288
1616,154291,154217,59373
1617,154251,154184,59454
1618,154223,154142,59533
1619,154197,154112,59608
1620,154163,154083,59685
1621,154130,154056,59754
1622,154114,154027,59818
1623,154093,154012,59867
1624,154061,153980,59934
1625,154038,153952,60008
1626,154022,153917,60075
1627,154004,153882,60133
1628,153976,153857,60207
1629,153944,153822,60282
1630,153922,153782,60357
1631,153887,153758,60434
1632,153855,153701,60521
1633,153840,153668,60587
1634,153810,153628,60678
1635,153784,153611,60744
1636,153751,153590,60809
1637,153717,153569,60877
1638,153680,153524,60964
1639,153634,153499,61046
1640,153588,153457,61140
1641,153553,153420,61223
1642,153514,153384,61311
1643,153484,153343,61382
1644,153447,153303,61470
1645,153410,153258,61556
1646,153376,153217,61639
1647,153347,153187,61714
1648,153311,153144,61796
1649,153273,153094,61888
1650,153237,153044,61983
1651,153209,153007,62068
1652,153180,152979,62142
1653,153129,152963,62225
1654,153100,152937,62297
1655,153068,152899,62371
1656,153039,152845,62466
1657,152993,152808,62558
1658,152973,152764,62638
1659,152942,152725,62723
1660,152910,152681,62814
1661,152865,152632,62907
1662,152840,152595,62993
1663,152802,152557,63087
1664,152764,152533,63165
1665,152734,152487,63251
1666,152696,152446,63350
1667,152648,152418,63440
1668,152623,152383,63512
1669,152588,152349,63580
1670,152545,152306,63670
1671,152518,152270,63747
1672,152472,152231,63828
1673,152438,152196,63904
1674,152409,152168,63977
1675,152374,152130,64065
1676,152327,152078,64166
1677,152293,152058,64240
1678,152237,152033,64331
1679,152190,152013,64411
1680,152159,151982,64488
1681,152136,151951,64550
1682,152094,151909,64631
1683,152064,151872,64700
1684,152013,151859,64781
1685,151981,151827,64860
1686,151942,151790,64951
1687,151897,151752,65047
1688,151853,151716,65139
1689,151792,151675,65246
1690,151749,151638,65340
1691,151708,151604,65424
1692,151668,151555,65515
1693,151625,151519,65607
1694,151582,151466,65714
1695,151546,151413,65809
1696,151505,151387,65891
1697,151468,151358,65968
1698,151421,151305,66075
1699,151379,151264,66174
1700,151331,151213,66278
1701,151291,151175,66370
1702,151240,151125,66473
1703,151194,151088,66569
1704,151150,151046,66676
1705,151106,151006,66778
1706,151057,150966,66874
1707,151020,150926,66972
1708,150981,150898,67056
1709,150943,150865,67153
1710,150900,150839,67241
1711,150866,150785,67336
1712,150838,150749,67409
1713,150808,150699,67506
1714,150773,150661,67581
1715,150729,150615,67678
1716,150693,150581,67759
1717,150638,150533,67866
1718,150597,150490,67956
1719,150543,150447,68065
1720,150513,150401,68163
1721,150472,150359,68262
1722,150434,150326,68358
1723,150388,150294,68444
1724,150348,150264,68535
1725,150310,150223,68627
1726,150259,150184,68723
1727,150219,150144,68816
1728,150172,150105,68909
1729,150131,150063,69001
1730,150085,150033,69081
1731,150043,150005,69170
1732,150004,149963,69259
1733,149981,149928,69325
1734,149958,149892,69409
1735,149906,149870,69499
1736,149878,149821,69578
1737,149843,149791,69653
1738,149802,149744,69733
1739,149765,149707,69816
1740,149724,149677,69897
1741,149694,149637,69980
1742,149667,149609,70058
1743,149626,149575,70148
1744,149589,149532,70236
1745,149546,149484,70336
1746,149503,149448,70423
1747,149462,149415,70519
1748,149407,149368,70623
1749,149375,149323,70704
1750,149341,149277,70793
1751,149306,149248,70871
1752,149264,149210,70959
1753,149218,149172,71055
1754,149160,149137,71152
1755,149111,149099,71240
1756,149067,149043,71342
1757,149029,148994,71455
1758,148995,148945,71550
1759,148959,148891,71643
1760,148907,148834,71753
1761,148869,148796,71844
1762,148833,148740,71943
1763,148791,148692,72044
1764,148752,148652,72133
1765,148703,148606,72239
1766,148678,148564,72326
1767,148624,148529,72421
1768,148578,148492,72509
1769,148538,148441,72604
1770,148495,148397,72698
1771,148447,148349,72796
1772,148384,148313,72906
1773,148332,148268,73006
1774,148291,148223,73101
1775,148235,148175,73214
1776,148197,148135,73304
1777,148154,148114,73386
1778,148102,148079,73470
1779,148078,148052,73541
1780,148025,148030,73623
1781,147982,147992,73709
1782,147933,147960,73787
1783,147899,147923,73869
1784,147875,147884,73945
1785,147844,147846,74029
1786,147810,147815,74110
1787,147765,147773,74197
1788,147724,147730,74282
1789,147676,147692,74375
1790,147631,147665,74454
1791,147606,147627,74529
1792,147568,147581,74616
1793,147515,147548,74701
1794,147477,147503,74785
1795,147441,147470,74874
1796,147413,147444,74946
1797,147369,147399,75039
1798,147348,147363,75103
1799,147306,147325,75177
1800,147274,147282,75260
1801,147254,147248,75322
1802,147221,147221,75396
1803,147182,147173,75477
1804,147135,147133,75574
1805,147101,147097,75657
1806,147062,147058,75738
1807,147022,147017,75825
1808,146971,146979,75914
1809,146929,146928,76015
1810,146885,146885,76113
1811,146833,146841,76215
1812,146788,146808,76316
1813,146741,146766,76411
1814,146702,146714,76506
1815,146661,146673,76591
1816,146623,146614,76689
1817,146582,146575,76781
1818,146543,146524,76868
1819,146494,146496,76953
1820,146441,146466,77042
1821,146404,146416,77145
1822,146365,146366,77251
1823,146312,146337,77346
1824,146260,146292,77452
1825,146213,146253,77541
1826,146166,146211,77626
1827,146120,146170,77720
1828,146072,146131,77811
1829,146037,146081,77905
1830,146004,146039,77979
1831,145962,145989,78084
1832,145916,145945,78181
1833,145873,145895,78279
1834,145821,145857,78376
1835,145778,145823,78462
1836,145735,145783,78558
1837,145698,145749,78641
1838,145649,145705,78739
1839,145602,145674,78831
1840,145568,145639,78919
1841,145519,145591,79023
1842,145475,145537,79123
1843,145429,145515,79204
1844,145388,145476,79285
1845,145335,145442,79384
1846,145314,145398,79464
1847,145275,145354,79552
1848,145231,145320,79629
1849,145203,145277,79717
1850,145172,145232,79804
1851,145133,145201,79880
1852,145086,145149,79979
1853,145040,145107,80074
1854,145001,145054,80170
1855,144949,145020,80262
1856,144898,144988,80343
1857,144860,144942,80432
1858,144817,144906,80522
1859,144768,144865,80618
1860,144727,144832,80702
1861,144699,144795,80779
1862,144660,144766,80861
1863,144598,144739,80958
1864,144559,144691,81057
1865,144518,144647,81152
1866,144481,144597,81245
1867,144435,144560,81323
1868,144392,144530,81419
1869,144360,144481,81513
1870,144327,144454,81590
1871,144285,144416,81681
1872,144244,144371,81770
1873,144221,144315,81858
1874,144187,144278,81936
1875,144157,144230,82020
1876,144123,144199,82098
1877,144085,144154,82187
1878,144047,144115,82270
1879,144014,144073,82362
1880,143967,144018,82463
1881,143937,143970,82562
1882,143893,143915,82656
1883,143850,143863,82746
1884,143817,143820,82839
1885,143780,143776,82927
1886,143744,143754,82997
1887,143703,143711,83088
1888,143671,143667,83171
1889,143645,143627,83249
1890,143611,143594,83327
1891,143553,143549,83433
1892,143517,143503,83525
1893,143473,143452,83619
1894,143434,143424,83705
1895,143389,143372,83797
1896,143354,143319,83884
1897,143321,143282,83964
1898,143284,143236,84054
1899,143254,143190,84141
1900,143227,143151,84215
1901,143190,143121,84285
1902,143160,143075,84365
1903,143117,143029,84448
1904,143073,142984,84540
1905,143042,142943,84625
1906,143007,142918,84694
1907,142966,142888,84763
1908,142941,142851,84837
1909,142916,142815,84903
1910,142890,142760,84993
1911,142850,142722,85073
1912,142819,142681,85148
1913,142786,142636,85223
1914,142755,142597,85308
1915,142710,142557,85389
1916,142664,142522,85484
1917,142632,142485,85567
1918,142600,142446,85635
1919,142560,142423,85717
1920,142516,142395,85801
1921,142477,142363,85886
1922,142431,142314,85989
1923,142400,142274,86062
1924,142358,142225,86148
1925,142312,142188,86230
1926,142269,142158,86306
1927,142233,142118,86383
1928,142183,142084,86472
1929,142134,142049,86555
1930,142093,142018,86633
1931,142055,141981,86720
1932,142010,141950,86792
1933,141981,141920,86863
1934,141946,141892,86937
1935,141923,141851,87017
1936,141891,141817,87091
1937,141845,141786,87166
1938,141813,141743,87247
1939,141778,141702,87336
1940,141739,141664,87420
1941,141701,141629,87498
1942,141661,141592,87581
1943,141624,141560,87650
1944,141569,141528,87727
1945,141535,141493,87797
1946,141490,141470,87871
1947,141466,141452,87927
1948,141432,141418,87995
1949,141402,141389,88060
1950,141354,141348,88146
1951,141318,141316,88218
1952,141283,141291,88286
1953,141239,141253,88370
1954,141205,141229,88437
1955,141173,141196,88509
1956,141144,141159,88572
1957,141104,141123,88648
1958,141069,141091,88719
1959,141031,141059,88800
1960,140982,141027,88876
1961,140945,141000,88941
1962,140926,140959,89010
1963,140896,140930,89070
1964,140848,140900,89148
1965,140815,140866,89222
1966,140773,140829,89299
1967,140731,140801,89372
1968,140692,140768,89448
1969,140669,140737,89512
1970,140639,140706,89582
1971,140605,140668,89658
1972,140566,140629,89742
1973,140535,140576,89829
1974,140506,140535,89899
1975,140473,140494,89971
1976,140437,140439,90060
1977,140400,140394,90138
1978,140355,140364,90220
1979,140327,140323,90289
1980,140292,140286,90362
1981,140248,140255,90435
1982,140222,140217,90507
1983,140175,140178,90598
1984,140131,140145,90685
1985,140095,140120,90750
1986,140076,140083,90815
1987,140056,140060,90878
1988,140020,140022,90956
1989,139994,139993,91018
1990,139964,139951,91090
1991,139905,139912,91187
1992,139858,139889,91271
1993,139819,139869,91341
1994,139780,139828,91425
1995,139745,139804,91493
1996,139705,139774,91568
1997,139656,139745,91649
1998,139619,139703,91724
1999,139588,139664,91803
2000,139561,139631,91880
2001,139536,139587,91956
2002,139499,139565,92029
2003,139468,139542,92090
2004,139427,139520,92168
2005,139385,139481,92241
2006,139348,139443,92318
2007,139325,139412,92383
2008,139291,139388,92445
2009,139250,139365,92512
2010,139198,139331,92591
2011,139158,139305,92657
2012,139126,139270,92734
2013,139083,139234,92814
2014,139046,139191,92889
2015,139014,139168,92946
2016,138975,139129,93028
2017,138938,139085,93106
2018,138908,139044,93187
2019,138870,138998,93274
2020,138826,138963,93349
2021,138787,138922,93438
2022,138760,138884,93513
2023,138720,138848,93606
2024,138687,138793,93698
2025,138648,138740,93789
2026,138618,138681,93886
2027,138568,138631,93993
2028,138522,138581,94087
2029,138476,138515,94193
2030,138429,138464,94299
2031,138388,138414,94391
2032,138364,138365,94468
2033,138311,138310,94578
2034,138285,138274,94662
2035,138242,138228,94756
2036,138203,138171,94856
2037,138171,138117,94943
2038,138127,138064,95043
2039,138079,138009,95140
2040,138033,137975,95218
2041,138002,137941,95294
2042,137962,137908,95378
2043,137934,137885,95438
2044,137882,137852,95527
2045,137860,137833,95588
2046,137819,137808,95661
2047,137781,137780,95729
2048,137760,137748,95789
2049,137722,137725,95853
2050,137678,137695,95926
2051,137657,137664,95992
2052,137628,137640,96046
2053,137598,137614,96108
2054,137566,137582,96179
2055,137534,137575,96232
2056,137494,137540,96308
2057,137460,137524,96364
2058,137417,137503,96434
2059,137386,137473,96496
2060,137368,137436,96559
2061,137340,137411,96628
2062,137312,137372,96695
2063,137279,137355,96756
2064,137256,137330,96804
2065,137227,137300,96872
2066,137199,137278,96939
2067,137182,137234,97005
2068,137145,137195,97073
2069,137108,137167,97133
2070,137079,137134,97205
2071,137050,137102,97269
2072,137012,137067,97341
2073,136979,137028,97414
2074,136959,136986,97482
2075,136927,136949,97554
2076,136896,136914,97625
2077,136862,136865,97704
2078,136817,136820,97793
2079,136758,136784,97882
2080,136718,136754,97958
2081,136690,136707,98049
2082,136663,136653,98132
2083,136618,136612,98207
2084,136581,136565,98298
2085,136543,136523,98386
2086,136491,136469,98485
2087,136443,136431,98572
2088,136387,136398,98671
2089,136347,136351,98760
2090,136305,136308,98849
2091,136248,136280,98942
2092,136203,136241,99029
2093,136156,136197,99122
2094,136122,136165,99204
2095,136080,136132,99288
2096,136034,136083,99376
2097,136008,136053,99443
2098,135955,136025,99528
2099,135908,135976,99618
2100,135874,135946,99692
2101,135845,135922,99757
2102,135808,135904,99813
2103,135769,135878,99882
2104,135721,135834,99964
2105,135691,135807,100036
2106,135662,135778,100100
2107,135629,135743,100176
2108,135608,135707,100240
2109,135574,135682,100303
2110,135532,135657,100374
2111,135492,135631,100453
2112,135461,135608,100517
2113,135423,135580,100586
2114,135396,135543,100652
2115,135366,135494,100734
2116,135322,135458,100814
2117,135286,135421,100894
2118,135236,135381,100989
2119,135210,135344,101066
2120,135179,135307,101149
2121,135149,135276,101211
2122,135102,135234,101302
2123,135058,135198,101386
2124,135016,135171,101459
2125,134969,135124,101554
2126,134934,135085,101639
2127,134895,135039,101730
2128,134854,134981,101824
2129,134808,134935,101915
2130,134778,134873,102011
2131,134738,134836,102098
2132,134697,134791,102185
2133,134645,134746,102274
2134,134605,134701,102367
2135,134564,134647,102471
2136,134507,134612,102568
2137,134476,134570,102647
2138,134446,134531,102720
2139,134414,134505,102797
2140,134375,134475,102872
2141,134343,134436,102952
2142,134307,134386,103035
2143,134254,134344,103124
2144,134226,134297,103197
2145,134199,134259,103267
2146,134170,134229,103334
2147,134151,134188,103396
2148,134108,134141,103479
2149,134083,134106,103544
2150,134043,134090,103613
2151,134006,134052,103688
2152,133976,134012,103760
2153,133947,133976,103828
2154,133916,133948,103897
2155,133886,133910,103972
2156,133857,133860,104041
2157,133822,133816,104125
2158,133784,133769,104204
2159,133761,133736,104269
2160,133720,133693,104344
2161,133688,133667,104406
2162,133642,133626,104485
2163,133596,133567,104584
2164,133551,133534,104662
2165,133517,133480,104749
2166,133490,133432,104839
2167,133443,133388,104927
2168,133396,133345,105020
2169,133362,133296,105104
2170,133311,133255,105191
2171,133266,133193,105285
2172,133227,133151,105368
2173,133178,133117,105453
2174,133144,133079,105531
2175,133113,133025,105613
2176,133075,132984,105690
2177,133036,132919,105794
2178,133002,132870,105876
2179,132970,132818,105955
2180,132929,132785,106028
2181,132896,132747,106099
2182,132860,132702,106182
2183,132816,132658,106269
2184,132777,132628,106342
2185,132735,132589,106421
2186,132701,132562,106492
2187,132671,132518,106572
2188,132638,132478,106654
2189,132614,132432,106729
2190,132588,132385,106809
2191,132557,132337,106885
2192,132526,132305,106942
2193,132492,132258,107016
2194,132450,132230,107084
2195,132414,132194,107153
2196,132374,132161,107224
2197,132320,132128,107310
2198,132289,132087,107384
2199,132253,132048,107461
2200,132214,131995,107546
2201,132181,131959,107626
2202,132141,131919,107712
2203,132100,131874,107798
2204,132044,131833,107888
2205,132005,131791,107968
2206,131959,131754,108053
2207,131910,131723,108130
2208,131866,131690,108213
2209,131826,131658,108293
2210,131779,131614,108375
2211,131753,131579,108432
2212,131720,131544,108506
2213,131674,131513,108580
2214,131632,131475,108672
2215,131586,131438,108750
2216,131557,131388,108823
2217,131522,131347,108892
2218,131485,131301,108973
2219,131449,131263,109039
2220,131419,131217,109102
2221,131386,131165,109186
2222,131344,131139,109262
2223,131316,131101,109331
2224,131282,131072,109394
2225,131246,131037,109464
2226,131223,131004,109524
2227,131196,130972,109581
2228,131169,130947,109640
2229,131137,130929,109696
2230,131106,130900,109750
2231,131070,130876,109805
2232,131039,130826,109879
2233,131019,130795,109940
2234,130993,130763,109994
2235,130973,130739,110046
2236,130948,130700,110110
2237,130919,130673,110175
2238,130875,130639,110248
2239,130832,130605,110326
2240,130797,130571,110397
2241,130764,130535,110475
2242,130741,130489,110548
2243,130702,130459,110618
2244,130664,130416,110700
2245,130621,130372,110792
2246,130579,130350,110861
2247,130547,130320,110925
2248,130500,130269,111017
2249,130456,130225,111112
2250,130396,130185,111206
2251,130342,130133,111303
2252,130293,130084,111397
2253,130258,130049,111480
2254,130211,130001,111575
2255,130165,129960,111667
2256,130123,129914,111748
2257,130084,129870,111833
2258,130049,129844,111909
2259,129995,129809,112000
2260,129963,129764,112075
2261,129929,129731,112146
2262,129894,129698,112216
2263,129855,129659,112291
2264,129819,129627,112372
2265,129775,129585,112454
2266,129751,129548,112512
2267,129721,129510,112583
2268,129691,129462,112661
2269,129651,129422,112749
2270,129612,129390,112822
2271,129581,129358,112876
2272,129547,129321,112948
2273,129520,129298,113001
2274,129492,129262,113063
2275,129452,129232,113127
2276,129420,129200,113186
2277,129386,129155,113256
2278,129356,129111,113327
2279,129312,129072,113402
2280,129288,129049,113459
2281,129258,128995,113541
2282,129229,128959,113605
2283,129186,128933,113666
2284,129147,128890,113746
2285,129117,128850,113818
2286,129068,128813,113898
2287,129020,128774,113976
2288,128984,128727,114062
2289,128948,128695,114132
2290,128910,128659,114224
2291,128877,128620,114296
2292,128833,128587,114369
2293,128792,128552,114438
2294,128760,128505,114528
2295,128722,128451,114616
2296,128683,128405,114707
2297,128635,128352,114807
2298,128590,128318,114880
2299,128531,128283,114965
2300,128476,128245,115059
2301,128433,128199,115155
2302,128404,128142,115232
2303,128355,128109,115320
2304,128316,128069,115399
2305,128279,128033,115474
2306,128240,127990,115558
2307,128191,127943,115648
2308,128149,127899,115729
2309,128113,127860,115807
2310,128088,127807,115884
2311,128057,127788,115949
2312,128012,127759,116024
2313,127976,127732,116091
2314,127933,127689,116169
2315,127902,127647,116242
2316,127859,127620,116313
2317,127818,127589,116393
2318,127769,127561,116475
2319,127733,127529,116548
2320,127698,127475,116629
2321,127663,127429,116704
2322,127628,127396,116775
2323,127588,127363,116847
2324,127557,127327,116905
2325,127519,127295,116983
2326,127479,127253,117069
2327,127448,127211,117148
2328,127412,127167,117229
2329,127380,127129,117303
2330,127351,127080,117378
2331,127319,127047,117449
2332,127288,127012,117535
2333,127258,126983,117599
2334,127222,126944,117671
2335,127180,126905,117750
2336,127151,126872,117814
2337,127134,126834,117877
2338,127099,126802,117945
2339,127070,126761,118018
2340,127034,126725,118092
2341,127014,126699,118144
2342,126990,126657,118201
2343,126968,126618,118258
2344,126949,126591,118318
2345,126928,126556,118379
2346,126890,126526,118449
2347,126867,126511,118488
2348,126841,126482,118543
2349,126807,126463,118602
2350,126777,126430,118668
2351,126744,126418,118713
2352,126717,126391,118773
2353,126690,126376,118827
2354,126661,126343,118886
2355,126629,126304,118952
2356,126616,126266,119015
2357,126587,126235,119072
2358,126558,126208,119129
2359,126518,126172,119198
2360,126488,126133,119270
2361,126453,126100,119338
2362,126424,126071,119401
2363,126407,126038,119460
2364,126377,126016,119514
2365,126348,125969,119591
2366,126323,125926,119673
2367,126291,125883,119747
2368,126259,125823,119836
2369,126228,125791,119896
2370,126197,125753,119964
2371,126165,125717,120037
2372,126133,125688,120093
2373,126103,125666,120151
2374,126062,125627,120218
2375,126019,125585,120300
2376,125995,125551,120365
2377,125964,125522,120432
2378,125926,125491,120500
2379,125887,125466,120561
2380,125860,125432,120630
2381,125836,125400,120691
2382,125802,125368,120754
2383,125777,125343,120805
2384,125759,125316,120860
2385,125738,125293,120895
2386,125720,125267,120946
2387,125700,125239,121002
2388,125677,125216,121056
2389,125656,125189,121115
2390,125633,125169,121160
2391,125611,125142,121212
2392,125578,125118,121272
2393,125550,125093,121324
2394,125525,125064,121362
2395,125490,125031,121420
2396,125450,125008,121480
2397,125430,124984,121536
2398,125399,124944,121605
2399,125376,124908,121665
2400,125334,124868,121741
2401,125307,124832,121798
2402,125283,124811,121847
2403,125248,124775,121921
2404,125215,124729,121986
2405,125182,124693,122063
2406,125150,124662,122128
2407,125112,124633,122199
2408,125062,124606,122285
2409,125034,124576,122352
2410,124974,124543,122422
2411,124941,124502,122498
2412,124885,124461,122587
2413,124854,124431,122649
2414,124821,124392,122722
2415,124786,124363,122787
2416,124738,124339,122859
2417,124696,124301,122936
2418,124668,124261,123009
2419,124642,124225,123080
2420,124594,124196,123143
2421,124559,124179,123192
2422,124532,124154,123246
2423,124509,124125,123300
2424,124475,124102,123359
2425,124457,124079,123403
2426,124418,124053,123467
2427,124394,124017,123536
2428,124368,123997,123582
2429,124337,123970,123638
2430,124315,123950,123680
2431,124288,123916,123733
2432,124257,123894,123781
2433,124232,123878,123828
2434,124208,123849,123876
2435,124173,123822,123922
2436,124149,123804,123964
2437,124116,123775,124021
2438,124091,123743,124082
2439,124074,123718,124126
2440,124052,123684,124186
2441,124019,123650,124251
2442,123985,123621,124305
2443,123957,123589,124371
2444,123934,123567,124422
2445,123901,123541,124488
2446,123861,123507,124566
2447,123829,123469,124640
2448,123798,123437,124714
2449,123763,123405,124785
2450,123725,123374,124853
2451,123700,123341,124922
2452,123682,123295,124986
2453,123639,123262,125062
2454,123601,123233,125135
2455,123567,123201,125207
2456,123529,123174,125277
2457,123491,123143,125343
2458,123455,123107,125414
2459,123418,123081,125484
2460,123381,123049,125556
2461,123344,123019,125623
2462,123313,122995,125685
2463,123280,122971,125750
2464,123239,122933,125835
2465,123216,122885,125901
2466,123185,122853,125961
2467,123165,122826,126017
2468,123130,122809,126063
2469,123099,122782,126129
2470,123068,122745,126186
2471,123045,122721,126231
2472,123010,122685,126296
2473,122984,122670,126337
2474,122959,122646,126388
2475,122929,122626,126436
2476,122897,122601,126490
2477,122865,122582,126542
2478,122862,122554,126585
2479,122845,122530,126632
2480,122825,122511,126675
2481,122811,122471,126729
2482,122786,122443,126784
2483,122758,122418,126839
2484,122718,122387,126903
2485,122685,122358,126953
2486,122664,122318,127002
2487,122650,122273,127066
2488,122630,122248,127117
2489,122615,122224,127152
2490,122589,122202,127210
2491,122560,122167,127264
2492,122535,122140,127321
2493,122508,122116,127378
2494,122485,122082,127427
2495,122457,122064,127468
2496,122431,122052,127510
2497,122415,122029,127555
2498,122397,122012,127598
2499,122371,121985,127650
2500,122342,121964,127692
2501,122314,121937,127744
2502,122285,121913,127801
2503,122261,121900,127842
2504,122231,121874,127891
2505,122210,121850,127938
2506,122185,121833,127989
2507,122156,121814,128043
2508,122135,121779,128094
2509,122104,121761,128140
2510,122085,121740,128184
2511,122056,121716,128231
2512,122041,121690,128279
2513,122018,121668,128326
2514,121991,121646,128372
2515,121960,121617,128419
2516,121940,121587,128474
2517,121916,121568,128519
2518,121893,121544,128571
2519,121876,121503,128628
2520,121852,121476,128682
2521,121822,121445,128737
2522,121795,121409,128798
2523,121771,121387,128850
2524,121755,121359,128895
2525,121734,121331,128946
2526,121700,121313,128997
2527,121692,121285,129044
2528,121669,121259,129096
2529,121639,121239,129139
2530,121615,121220,129180
2531,121590,121193,129229
2532,121568,121175,129274
2533,121536,121148,129328
2534,121509,121125,129374
2535,121473,121096,129430
2536,121450,121066,129480
2537,121424,121040,129534
2538,121399,121008,129589
2539,121370,120982,129631
2540,121345,120958,129677
2541,121320,120928,129717
2542,121296,120912,129758
2543,121273,120892,129797
2544,121246,120874,129845
2545,121222,120831,129903
2546,121200,120788,129961
2547,121166,120759,130028
2548,121145,120746,130071
2549,121122,120718,130114
2550,121094,120692,130160
2551,121082,120667,130196
2552,121062,120645,130250
2553,121039,120626,130301
2554,121024,120600,130340
2555,121001,120580,130385
2556,120970,120558,130433
2557,120952,120535,130483
2558,120933,120526,130521
2559,120914,120498,130577
2560,120893,120486,130617
2561,120874,120457,130665
2562,120843,120433,130714
2563,120831,120407,130762
2564,120813,120384,130809
2565,120789,120356,130865
2566,120776,120335,130906
2567,120754,120322,130943
2568,120734,120302,130982
2569,120708,120284,131037
2570,120677,120264,131082
2571,120652,120242,131139
2572,120633,120212,131190
2573,120602,120189,131240
2574,120578,120162,131292
2575,120541,120137,131349
2576,120515,120111,131409
2577,120489,120084,131457
2578,120464,120066,131505
2579,120442,120039,131549
2580,120415,120015,131604
2581,120382,119991,131657
2582,120362,119961,131705
2583,120336,119937,131750
2584,120297,119919,131801
2585,120291,119890,131841
2586,120281,119868,131877
2587,120249,119832,131938
2588,120227,119812,131980
2589,120207,119786,132028
2590,120180,119755,132075
2591,120152,119722,132126
2592,120135,119693,132177
2593,120115,119667,132216
2594,120091,119650,132261
2595,120069,119633,132308
2596,120036,119601,132368
2597,119998,119579,132425
2598,119978,119558,132468
2599,119954,119536,132519
2600,119931,119509,132570
2601,119899,119471,132645
2602,119881,119452,132692
2603,119862,119422,132733
2604,119839,119401,132791
2605,119803,119385,132837
2606,119785,119364,132887
2607,119744,119355,132937
2608,119713,119340,132990
2609,119683,119315,133055
2610,119650,119287,133109
2611,119619,119272,133163
2612,119595,119247,133218
2613,119563,119216,133280
2614,119534,119199,133325
2615,119505,119170,133376
2616,119488,119140,133424
2617,119448,119129,133471
2618,119427,119100,133524
2619,119398,119070,133582
2620,119365,119043,133647
2621,119334,119032,133690
2622,119292,119017,133748
2623,119262,118997,133804
2624,119239,118985,133850
2625,119207,118957,133910
2626,119193,118944,133951
2627,119172,118922,134000
2628,119140,118897,134055
2629,119112,118883,134105
2630,119096,118854,134159
2631,119066,118831,134223
2632,119040,118802,134274
2633,119026,118785,134318
2634,119007,118765,134361
2635,118981,118739,134416
2636,118958,118707,134472
2637,118933,118688,134517
2638,118906,118665,134564
2639,118875,118636,134620
2640,118846,118622,134660
2641,118821,118594,134706
2642,118784,118572,134771
2643,118756,118561,134823
2644,118734,118533,134869
2645,118711,118501,134928
2646,118689,118469,134978
2647,118665,118451,135037
2648,118634,118425,135097
2649,118604,118399,135152
2650,118569,118378,135205
2651,118529,118339,135284
2652,118501,118320,135326
2653,118477,118299,135371
2654,118453,118274,135416
2655,118434,118262,135447
2656,118398,118239,135498
2657,118371,118220,135549
2658,118351,118192,135598
2659,118329,118154,135655
2660,118304,118119,135711
2661,118281,118086,135770
2662,118248,118063,135834
2663,118224,118035,135890
2664,118202,118008,135943
2665,118166,117984,136000
2666,118128,117957,136057
2667,118108,117928,136113
2668,118087,117900,136162
2669,118053,117870,136218
2670,118032,117847,136260
2671,118005,117828,136309
2672,117964,117806,136364
2673,117930,117778,136425
2674,117905,117747,136475
2675,117874,117727,136533
2676,117847,117692,136590
2677,117811,117663,136650
2678,117798,117635,136690
2679,117767,117629,136733
2680,117736,117609,136786
2681,117709,117576,136840
2682,117688,117555,136895
2683,117654,117532,136960
2684,117632,117508,137002
2685,117602,117477,137060
2686,117575,117455,137109
2687,117554,117431,137155
2688,117516,117411,137208
2689,117486,117385,137257
2690,117469,117361,137306
2691,117452,117330,137351
2692,117420,117310,137402
2693,117398,117300,137435
2694,117373,117278,137493
2695,117356,117249,137537
2696,117337,117219,137587
2697,117321,117186,137636
2698,117292,117165,137689
2699,117262,117150,137748
2700,117238,117113,137803
2701,117224,117094,137843
2702,117198,117061,137891
2703,117168,117036,137942
2704,117143,117017,137990
2705,117113,116998,138024
2706,117087,116971,138077
2707,117063,116939,138136
2708,117051,116915,138179
2709,117013,116890,138239
2710,116989,116864,138296
2711,116959,116830,138357
2712,116946,116814,138387
2713,116915,116795,138441
2714,116888,116768,138496
2715,116861,116745,138547
2716,116836,116727,138597
2717,116812,116711,138634
2718,116782,116690,138683
2719,116771,116675,138721
2720,116754,116647,138768
2721,116724,116615,138826
2722,116710,116593,138872
2723,116685,116571,138922
2724,116662,116546,138964
2725,116639,116528,139006
2726,116615,116503,139055
2727,116585,116477,139114
2728,116566,116452,139164
2729,116542,116430,139205
2730,116512,116408,139260
2731,116483,116378,139311
2732,116463,116349,139355
2733,116448,116332,139393
2734,116430,116314,139441
2735,116395,116287,139488
2736,116373,116268,139534
2737,116350,116245,139587
2738,116318,116220,139652
2739,116308,116189,139694
2740,116282,116159,139760
2741,116236,116139,139820
2742,116214,116115,139867
2743,116189,116091,139919
2744,116157,116073,139968
2745,116128,116050,140023
2746,116114,116030,140061
2747,116098,116017,140100
2748,116071,115988,140149
2749,116064,115966,140186
2750,116047,115938,140229
2751,116034,115905,140276
2752,116007,115890,140313
2753,115982,115862,140359
2754,115954,115844,140399
2755,115942,115823,140439
2756,115922,115810,140480
2757,115891,115790,140529
2758,115869,115766,140575
2759,115845,115751,140624
2760,115828,115732,140665
2761,115803,115713,140712
2762,115778,115673,140770
2763,115756,115646,140823
2764,115721,115613,140881
2765,115708,115591,140918
2766,115675,115574,140966
2767,115649,115558,141008
2768,115621,115536,141059
2769,115577,115516,141140
2770,115563,115494,141180
2771,115538,115465,141230
2772,115517,115444,141261
2773,115495,115416,141318
2774,115478,115404,141358
2775,115466,115363,141412
2776,115436,115331,141467
2777,115412,115314,141518
2778,115389,115298,141564
2779,115368,115279,141604
2780,115350,115258,141658
2781,115317,115228,141716
2782,115303,115202,141761
2783,115275,115169,141819
2784,115261,115148,141863
2785,115238,115126,141910
2786,115207,115115,141955
2787,115187,115092,141991
2788,115156,115076,142041
2789,115127,115069,142072
2790,115105,115048,142125
2791,115074,115025,142176
2792,115051,115006,142220
2793,115020,114982,142266
2794,115002,114952,142314
2795,114982,114933,142350
2796,114953,114912,142407
2797,114940,114895,142443
2798,114924,114864,142484
2799,114904,114839,142532
2800,114886,114796,142586
2801,114856,114776,142634
2802,114825,114749,142694
2803,114809,114717,142740
2804,114786,114682,142795
2805,114758,114653,142854
2806,114725,114612,142925
2807,114703,114597,142966
2808,114683,114587,143012
2809,114655,114569,143063
2810,114636,114543,143102
2811,114615,114510,143157
2812,114599,114487,143202
2813,114575,114462,143245
2814,114556,114447,143289
2815,114526,114414,143356
2816,114505,114387,143408
2817,114472,114366,143454
2818,114444,114340,143503
2819,114418,114321,143551
2820,114390,114288,143609
2821,114373,114260,143660
2822,114344,114238,143708
2823,114323,114211,143754
2824,114294,114194,143810
2825,114270,114171,143865
2826,114243,114149,143912
2827,114227,114127,143959
2828,114208,114105,144000
2829,114180,114085,144047
2830,114160,114055,144096
2831,114139,114030,144151
2832,114112,114010,144197
2833,114086,113984,144251
2834,114051,113963,144307
2835,114033,113934,144348
2836,113999,113915,144402
2837,113978,113892,144446
2838,113959,113872,144486
2839,113932,113850,144531
2840,113911,113831,144574
2841,113892,113810,144619
2842,113863,113790,144666
2843,113840,113769,144713
2844,113814,113740,144760
2845,113788,113718,144816
2846,113757,113700,144869
2847,113737,113677,144914
2848,113715,113653,144964
2849,113692,113616,145015
2850,113677,113585,145059
2851,113654,113562,145107
2852,113625,113537,145158
2853,113610,113507,145203
2854,113593,113488,145250
2855,113574,113458,145296
2856,113553,113439,145338
2857,113520,113418,145391
2858,113491,113395,145447
2859,113464,113370,145499
2860,113456,113341,145541
2861,113433,113311,145592
2862,113396,113290,145652
2863,113376,113264,145695
2864,113353,113248,145737
2865,113327,113217,145793
2866,113301,113190,145839
2867,113269,113163,145894
2868,113260,113137,145935
2869,113231,113120,145991
2870,113202,113093,146044
2871,113179,113060,146102
2872,113152,113043,146149
2873,113129,113015,146210
2874,113103,112995,146257
2875,113077,112978,146311
2876,113057,112946,146364
2877,113039,112927,146411
2878,113014,112908,146456
2879,112994,112888,146506
2880,112966,112871,146553
2881,112946,112833,146601
2882,112916,112792,146668
2883,112882,112756,146723
2884,112846,112726,146781
2885,112836,112694,146824
2886,112811,112668,146876
2887,112788,112641,146926
2888,112760,112625,146972
2889,112739,112610,147011
2890,112724,112589,147049
2891,112706,112565,147097
2892,112681,112544,147143
2893,112654,112516,147190
2894,112624,112490,147244
2895,112598,112459,147300
2896,112569,112441,147350
2897,112543,112422,147392
2898,112519,112393,147444
2899,112493,112368,147497
2900,112477,112348,147541
2901,112450,112324,147597
2902,112432,112294,147636
2903,112411,112283,147675
2904,112393,112241,147730
2905,112362,112211,147772
2906,112340,112190,147811
2907,112313,112158,147868
2908,112280,112133,147923
2909,112256,112114,147965
2910,112224,112090,148022
2911,112199,112075,148067
2912,112172,112053,148113
2913,112154,112033,148158
2914,112125,112010,148206
2915,112101,111971,148260
2916,112064,111947,148318
2917,112051,111936,148352
2918,112035,111909,148394
2919,112012,111897,148436
2920,112001,111875,148472
2921,111977,111862,148516
2922,111945,111846,148562
2923,111927,111812,148605
2924,111912,111792,148649
2925,111884,111779,148698
2926,111854,111760,148745
2927,111836,111745,148784
2928,111812,111720,148834
2929,111788,111692,148881
2930,111760,111675,148931
2931,111734,111647,148987
2932,111718,111631,149022
2933,111699,111609,149062
2934,111679,111583,149116
2935,111655,111566,149155
2936,111634,111539,149213
2937,111623,111515,149256
2938,111612,111493,149288
2939,111581,111472,149338
2940,111561,111444,149373
2941,111528,111429,149413
2942,111507,111407,149467
2943,111494,111382,149512
2944,111471,111353,149559
2945,111451,111336,149594
2946,111423,111308,149654
2947,111389,111289,149707
2948,111362,111261,149763
2949,111335,111241,149815
2950,111307,111225,149857
2951,111287,111205,149896
2952,111263,111180,149948
2953,111231,111164,149999
2954,111208,111147,150045
2955,111184,111119,150096
2956,111160,111088,150143
2957,111136,111063,150196
2958,111104,111036,150253
2959,111069,111016,150302
2960,111038,110992,150356
2961,111011,110975,150411
2962,110995,110948,150452
2963,110973,110918,150501
2964,110953,110902,150541
2965,110908,110882,150603
2966,110886,110860,150654
2967,110865,110836,150694
2968,110845,110807,150740
2969,110833,110785,150778
2970,110795,110759,150841
2971,110746,110730,150907
2972,110722,110713,150951
2973,110711,110694,150993
2974,110690,110674,151037
2975,110665,110637,151095
2976,110648,110617,151127
2977,110625,110594,151175
2978,110606,110572,151212
2979,110582,110543,151262
2980,110555,110510,151334
2981,110525,110489,151386
2982,110500,110469,151430
2983,110474,110446,151474
2984,110445,110404,151542
2985,110416,110377,151592
2986,110385,110340,151660
2987,110367,110308,151714
2988,110344,110282,151759
2989,110318,110257,151807
2990,110295,110240,151847
2991,110268,110218,151889
2992,110246,110190,151933
2993,110209,110168,151995
2994,110182,110148,152038
2995,110156,110120,152082
2996,110123,110104,152133
2997,110098,110071,152187
2998,110076,110047,152237
2999,110042,110025,152291
3000,110011,109998,152343
3001,109980,109971,152402
3002,109957,109940,152449
3003,109931,109911,152507
3004,109902,109895,152558
3005,109873,109867,152620
3006,109850,109856,152649
3007,109833,109830,152694
3008,109808,109797,152753
3009,109790,109777,152800
3010,109774,109753,152841
3011,109759,109733,152875
3012,109732,109716,152920
3013,109706,109694,152964
3014,109685,109673,153023
3015,109649,109656,153065
3016,109629,109634,153107
3017,109608,109607,153171
3018,109585,109581,153221
3019,109562,109554,153277
3020,109534,109533,153326
3021,109501,109501,153386
3022,109463,109477,153445
3023,109440,109456,153498
3024,109410,109439,153551
3025,109373,109410,153603
3026,109353,109388,153657
3027,109324,109361,153704
3028,109297,109344,153754
3029,109280,109327,153797
3030,109255,109304,153848
3031,109228,109282,153902
3032,109206,109254,153954
3033,109181,109232,154002
3034,109156,109190,154054
3035,109120,109164,154109
3036,109095,109133,154168
3037,109066,109097,154235
3038,109029,109079,154287
3039,109004,109043,154331
3040,108981,109015,154383
3041,108947,108992,154444
3042,108919,108947,154514
3043,108897,108920,154564
3044,108871,108891,154624
3045,108841,108868,154674
3046,108804,108830,154753
3047,108788,108809,154793
3048,108774,108777,154841
3049,108742,108749,154904
3050,108712,108721,154961
3051,108680,108687,155020
3052,108658,108653,155081
3053,108641,108619,155131
3054,108609,108584,155191
3055,108571,108549,155258
3056,108538,108528,155312
3057,108510,108485,155378
3058,108484,108455,155435
3059,108467,108434,155484
3060,108435,108408,155545
3061,108410,108370,155614
3062,108377,108349,155668
3063,108344,108325,155733
3064,108315,108306,155784
3065,108283,108282,155841
3066,108254,108248,155904
3067,108227,108227,155962
3068,108197,108201,156017
3069,108164,108170,156081
3070,108128,108148,156142
3071,108092,108114,156205
3072,108056,108095,156267
3073,108030,108076,156323
3074,107998,108055,156372
3075,107972,108023,156431
3076,107955,108001,156465
3077,107928,107981,156517
3078,107904,107955,156562
3079,107875,107924,156613
3080,107840,107897,156668
3081,107812,107863,156727
3082,107789,107826,156785
3083,107768,107789,156847
3084,107745,107751,156896
3085,107710,107725,156953
3086,107677,107693,157020
3087,107646,107675,157078
3088,107624,107649,157136
3089,107592,107616,157190
3090,107570,107584,157243
3091,107543,107551,157316
3092,107515,107529,157365
3093,107492,107508,157409
3094,107470,107499,157448
3095,107449,107466,157500
3096,107426,107436,157546
3097,107405,107407,157603
3098,107370,107380,157659
3099,107344,107359,157713
3100,107326,107340,157763
3101,107295,107318,157809
3102,107269,107288,157870
3103,107237,107252,157926
3104,107205,107224,157977
3105,107180,107198,158022
3106,107151,107171,158077
3107,107119,107144,158140
3108,107095,107115,158198
3109,107070,107087,158249
3110,107047,107070,158285
3111,107023,107054,158333
3112,106997,107022,158384
3113,106967,107004,158434
3114,106939,106982,158483
3115,106914,106952,158536
3116,106887,106931,158582
3117,106851,106901,158643
3118,106832,106889,158681
3119,106801,106863,158734
3120,106777,106843,158773
3121,106768,106818,158809
3122,106740,106794,158851
3123,106727,106766,158899
3124,106710,106745,158934
3125,106688,106727,158979
3126,106674,106714,159007
3127,106657,106691,159046
3128,106625,106662,159098
3129,106607,106638,159139
3130,106590,106607,159191
3131,106569,106587,159244
3132,106536,106566,159305
3133,106493,106542,159360
3134,106470,106498,159418
3135,106455,106481,159450
3136,106432,106451,159495
3137,106403,106418,159546
3138,106387,106390,159589
3139,106363,106363,159646
3140,106341,106332,159703
3141,106316,106311,159743
3142,106286,106289,159800
3143,106272,106270,159837
3144,106253,106238,159887
3145,106232,106227,159928
3146,106218,106204,159965
3147,106198,106181,160005
3148,106168,106164,160053
3149,106137,106145,160098
3150,106116,106122,160133
3151,106087,106107,160176
3152,106059,106084,160224
3153,106033,106061,160274
3154,106006,106046,160317
3155,105991,106021,160366
3156,105962,106008,160417
3157,105940,105996,160457
3158,105907,105968,160508
3159,105883,105949,160545
3160,105866,105927,160585
3161,105849,105909,160620
3162,105818,105876,160682
3163,105783,105859,160732
3164,105757,105831,160780
3165,105727,105808,160832
3166,105693,105797,160878
3167,105666,105768,160933
3168,105635,105739,160989
3169,105609,105715,161041
3170,105583,105688,161095
3171,105565,105663,161140
3172,105526,105627,161205
3173,105509,105595,161266
3174,105488,105571,161317
3175,105464,105545,161362
3176,105447,105518,161412
3177,105422,105495,161454
3178,105388,105468,161514
3179,105355,105450,161570
3180,105329,105421,161628
3181,105311,105399,161675
3182,105279,105379,161725
3183,105254,105361,161769
3184,105214,105324,161829
3185,105182,105297,161880
3186,105154,105260,161937
3187,105125,105237,161987
3188,105100,105211,162033
3189,105066,105179,162087
3190,105040,105148,162141
3191,105012,105123,162192
3192,104982,105104,162239
3193,104948,105070,162299
3194,104921,105042,162352
3195,104892,105023,162401
3196,104859,105009,162448
3197,104840,104981,162493
3198,104816,104958,162542
3199,104779,104938,162597
3200,104756,104916,162648
3201,104727,104899,162689
3202,104709,104881,162734
3203,104692,104846,162792
3204,104668,104824,162834
3205,104648,104792,162884
3206,104628,104772,162926
3207,104606,104750,162973
3208,104576,104730,163026
3209,104544,104697,163080
3210,104527,104677,163117
3211,104502,104657,163169
3212,104483,104629,163214
3213,104460,104609,163259
3214,104428,104587,163309
3215,104416,104554,163351
3216,104394,104529,163399
3217,104369,104502,163453
3218,104354,104482,163492
3219,104323,104461,163540
3220,104288,104432,163599
3221,104264,104409,163644
3222,104236,104385,163700
3223,104212,104359,163755
3224,104191,104331,163804
3225,104159,104304,163863
3226,104143,104274,163907
3227,104113,104243,163970
3228,104103,104212,164013
3229,104083,104183,164068
3230,104050,104157,164127
3231,104029,104129,164176
3232,104013,104103,164223
3233,103980,104075,164277
3234,103959,104046,164322
3235,103925,104005,164401
3236,103899,103974,164450
3237,103890,103951,164481
3238,103860,103929,164533
3239,103842,103902,164579
3240,103814,103868,164639
3241,103787,103836,164692
3242,103769,103809,164736
3243,103745,103795,164773
3244,103722,103770,164821
3245,103695,103752,164863
3246,103680,103718,164910
3247,103657,103696,164957
3248,103631,103666,165021
3249,103594,103641,165078
3250,103562,103618,165130
3251,103531,103591,165183
3252,103513,103560,165230
3253,103493,103532,165285
3254,103462,103507,165334
3255,103431,103485,165386
3256,103415,103460,165421
3257,103398,103437,165467
3258,103363,103407,165526
3259,103338,103380,165582
3260,103314,103354,165638
3261,103288,103332,165696
3262,103268,103302,165738
3263,103233,103286,165790
3264,103203,103262,165852
3265,103175,103231,165891
3266,103149,103216,165935
3267,103127,103194,165980
3268,103106,103165,166026
3269,103087,103136,166080
3270,103058,103099,166145
3271,103045,103060,166193
3272,103036,103042,166235
3273,103012,103014,166280
3274,102978,102976,166350
3275,102950,102955,166405
3276,102927,102934,166442
3277,102905,102895,166500
3278,102876,102869,166554
3279,102844,102846,166605
3280,102823,102824,166649
3281,102804,102812,166689
3282,102783,102786,166739
3283,102767,102761,166781
3284,102751,102740,166821
3285,102722,102717,166870
3286,102689,102690,166929
3287,102662,102659,166984
3288,102635,102639,167035
3289,102612,102622,167076
3290,102583,102587,167135
3291,102546,102563,167191
3292,102520,102534,167251
3293,102496,102508,167297
3294,102471,102484,167340
3295,102435,102456,167406
3296,102387,102429,167484
3297,102358,102397,167540
3298,102321,102370,167595
3299,102303,102347,167644
3300,102276,102322,167701
3301,102250,102292,167755
3302,102235,102276,167798
3303,102206,102251,167839
3304,102185,102230,167888
3305,102157,102201,167932
3306,102129,102167,167995
3307,102116,102126,168055
3308,102082,102095,168121
3309,102051,102073,168179
3310,102037,102041,168234
3311,102012,102018,168276
3312,101995,101996,168322
3313,101966,101969,168368
3314,101940,101939,168424
3315,101901,101911,168494
3316,101884,101882,168547
3317,101855,101857,168597
3318,101835,101837,168634
3319,101799,101797,168695
3320,101761,101760,168761
3321,101728,101735,168812
3322,101685,101709,168881
3323,101647,101675,168955
3324,101619,101650,169007
3325,101590,101630,169051
3326,101562,101602,169107
3327,101536,101573,169154
3328,101502,101544,169216
3329,101467,101515,169280
3330,101440,101480,169342
3331,101422,101450,169398
3332,101390,101417,169464
3333,101372,101376,169527
3334,101343,101347,169583
3335,101308,101314,169644
3336,101287,101291,169696
3337,101261,101260,169762
3338,101228,101221,169831
3339,101188,101189,169893
3340,101165,101149,169956
3341,101134,101132,170009
3342,101096,101104,170065
3343,101055,101079,170134
3344,101027,101050,170188
3345,100999,101012,170246
3346,100971,100985,170298
3347,100941,100958,170352
3348,100912,100933,170403
3349,100873,100899,170474
3350,100848,100883,170517
3351,100812,100858,170574
3352,100778,100842,170627
3353,100738,100813,170688
3354,100704,100784,170751
3355,100677,100762,170806
3356,100657,100736,170857
3357,100642,100712,170897
3358,100618,100693,170949
3359,100594,100668,170993
3360,100567,100627,171058
3361,100537,100599,171117
3362,100513,100571,171175
3363,100489,100541,171230
3364,100447,100512,171296
3365,100416,100486,171355
3366,100399,100472,171391
3367,100375,100444,171443
3368,100354,100427,171488
3369,100325,100409,171529
3370,100290,100385,171585
3371,100266,100357,171638
3372,100238,100327,171701
3373,100217,100308,171745
3374,100185,100282,171798
3375,100159,100253,171857
3376,100133,100229,171900
3377,100100,100191,171968
3378,100072,100165,172025
3379,100044,100144,172069
3380,100019,100117,172117
3381,99991,100084,172174
3382,99964,100058,172230
3383,99935,100029,172279
3384,99907,99998,172332
3385,99875,99967,172391
3386,99848,99937,172446
3387,99821,99901,172507
3388,99793,99866,172568
3389,99750,99831,172627
3390,99734,99802,172673
3391,99711,99781,172714
3392,99684,99757,172763
3393,99657,99731,172813
3394,99634,99704,172860
3395,99605,99662,172924
3396,99566,99632,172990
3397,99547,99605,173036
3398,99517,99570,173100
3399,99499,99553,173148
3400,99467,99523,173209
3401,99442,99504,173258
3402,99415,99486,173308
3403,99396,99469,173346
3404,99370,99441,173402
3405,99342,99402,173464
3406,99311,99386,173515
3407,99281,99358,173571
3408,99253,99329,173628
3409,99231,99306,173673
3410,99204,99277,173726
3411,99174,99251,173783
3412,99126,99230,173847
3413,99098,99207,173906
3414,99073,99179,173961
3415,99041,99156,174022
3416,99023,99137,174053
3417,98989,99109,174114
3418,98961,99085,174164
3419,98932,99066,174219
3420,98909,99039,174270
3421,98890,99017,174320
3422,98865,98986,174372
3423,98827,98961,174436
3424,98804,98930,174495
3425,98784,98892,174550
3426,98762,98845,174617
3427,98743,98819,174671
3428,98713,98779,174741
3429,98684,98745,174804
3430,98654,98717,174860
3431,98619,98678,174917
3432,98594,98646,174978
3433,98562,98617,175037
3434,98528,98579,175102
3435,98496,98560,175155
3436,98469,98525,175211
3437,98441,98513,175260
3438,98402,98490,175320
3439,98369,98464,175382
3440,98340,98442,175432
3441,98306,98417,175488
3442,98275,98383,175557
3443,98249,98346,175619
3444,98218,98316,175677
3445,98197,98303,175711
3446,98160,98270,175776
3447,98136,98237,175829
3448,98110,98202,175889
3449,98085,98171,175940
3450,98046,98138,176003
3451,98013,98106,176071
3452,97979,98078,176131
3453,97948,98054,176189
3454,97906,98029,176253
3455,97875,98002,176308
3456,97845,97980,176345
3457,97817,97946,176399
3458,97782,97917,176463
3459,97758,97899,176510
3460,97728,97859,176572
3461,97708,97822,176624
3462,97670,97799,176686
3463,97650,97764,176735
3464,97641,97736,176783
3465,97620,97709,176828
3466,97598,97678,176881
3467,97556,97651,176940
3468,97519,97623,177002
3469,97484,97592,177060
3470,97454,97571,177102
3471,97428,97537,177155
3472,97401,97513,177203
3473,97378,97479,177262
3474,97344,97440,177330
3475,97306,97404,177390
3476,97286,97380,177436
3477,97265,97359,177476
3478,97241,97323,177532
3479,97206,97306,177586
3480,97185,97271,177631
3481,97151,97248,177677
3482,97119,97224,177733
3483,97093,97198,177784
3484,97054,97172,177849
3485,97028,97146,177902
3486,97001,97114,177957
3487,96982,97072,178020
3488,96956,97047,178067
3489,96924,97023,178119
3490,96888,97006,178165
3491,96855,96986,178212
3492,96831,96951,178266
3493,96796,96913,178324
3494,96766,96884,178368
3495,96735,96857,178418
3496,96702,96834,178475
3497,96677,96809,178528
3498,96646,96788,178581
3499,96618,96759,178645
3500,96580,96722,178718
3501,96562,96686,178762
3502,96536,96657,178816
3503,96511,96623,178877
3504,96472,96597,178945
3505,96450,96568,179000
3506,96422,96536,179055
3507,96396,96507,179103
3508,96369,96484,179155
3509,96348,96457,179203
3510,96311,96432,179256
3511,96277,96398,179312
3512,96254,96368,179374
3513,96225,96345,179419
3514,96201,96313,179481
3515,96165,96281,179538
3516,96130,96250,179606
3517,96100,96214,179670
3518,96071,96182,179734
3519,96048,96155,179777
3520,96023,96125,179833
3521,95997,96091,179891
3522,95968,96066,179947
3523,95945,96037,180001
3524,95920,96005,180057
3525,95893,95979,180113
3526,95867,95957,180147
3527,95838,95928,180211
3528,95814,95904,180263
3529,95786,95882,180315
3530,95754,95854,180380
3531,95715,95826,180438
3532,95687,95797,180495
3533,95652,95769,180551
3534,95626,95754,180599
3535,95601,95726,180653
3536,95564,95700,180712
3537,95536,95669,180772
3538,95509,95633,180835
3539,95477,95597,180896
3540,95456,95576,180940
3541,95428,95554,180993
3542,95396,95529,181051
3543,95378,95496,181104
3544,95337,95478,181157
3545,95306,95447,181215
3546,95277,95416,181275
3547,95256,95375,181330
3548,95221,95346,181391
3549,95191,95324,181445
3550,95162,95299,181491
3551,95120,95271,181562
3552,95102,95251,181609
3553,95072,95223,181668
3554,95051,95197,181714
3555,95017,95178,181767
3556,94999,95161,181804
3557,94975,95130,181858
3558,94958,95101,181905
3559,94933,95078,181947
3560,94910,95049,181997
3561,94886,95013,182056
3562,94862,94992,182106
3563,94833,94959,182168
3564,94811,94946,182212
3565,94786,94923,182262
3566,94756,94888,182323
3567,94727,94851,182377
3568,94705,94830,182424
3569,94675,94799,182480
3570,94643,94765,182542
3571,94611,94736,182607
3572,94582,94714,182658
3573,94540,94695,182725
3574,94503,94665,182786
3575,94471,94638,182847
3576,94450,94601,182900
3577,94431,94571,182947
3578,94413,94538,182997
3579,94391,94496,183066
3580,94353,94471,183122
3581,94326,94447,183174
3582,94300,94419,183232
3583,94277,94383,183285
3584,94250,94353,183343
3585,94227,94318,183401
3586,94208,94292,183450
3587,94179,94270,183508
3588,94153,94251,183556
3589,94129,94223,183601
3590,94096,94183,183665
3591,94061,94166,183707
3592,94029,94144,183763
3593,93999,94122,183818
3594,93977,94096,183871
3595,93944,94061,183936
3596,93915,94033,183987
3597,93889,93998,184043
3598,93863,93966,184107
3599,93840,93930,184157
3600,93816,93906,184198
3601,93792,93880,184228
3602,93765,93854,184273
3603,93743,93829,184318
3604,93704,93799,184378
3605,93678,93777,184427
3606,93647,93744,184485
3607,93631,93716,184533
3608,93601,93687,184583
3609,93586,93655,184627
3610,93566,93626,184676
3611,93526,93604,184740
3612,93500,93578,184785
3613,93480,93549,184830
3614,93459,93513,184893
3615,93428,93472,184957
3616,93408,93459,185001
3617,93375,93423,185069
3618,93351,93393,185124
3619,93318,93364,185183
3620,93281,93342,185243
3621,93252,93316,185300
3622,93230,93280,185360
3623,93210,93252,185410
3624,93175,93227,185466
3625,93152,93204,185522
3626,93123,93182,185571
3627,93102,93155,185623
3628,93079,93123,185675
3629,93063,93084,185735
3630,93035,93053,185788
3631,93009,93019,185842
3632,92984,92997,185899
3633,92954,92983,185951
3634,92924,92965,185994
3635,92890,92939,186051
3636,92859,92912,186110
3637,92837,92876,186172
3638,92812,92848,186223
3639,92793,92824,186271
3640,92773,92804,186308
3641,92742,92775,186365
3642,92720,92730,186426
3643,92688,92700,186493
3644,92662,92674,186543
3645,92635,92649,186589
3646,92599,92629,186648
3647,92575,92611,186685
3648,92544,92570,186756
3649,92506,92545,186808
3650,92477,92513,186865
